0.9047619048 -249834473779275394649996229676252058877952.0000000000
0.9142857143 -287483352065976118698868440984102727843840.0000000000
0.9238095238 -336375346647496351328252594531041181433856.0000000000
0.9333333333 -402407699759499098912212278250515738918912.0000000000
0.9428571429 -496475833103530105936415719516305692295168.0000000000
0.9523809524 -641192212047069577382640426585013065089024.0000000000
0.9619047619 -892428892273863049292212681930663404765184.0000000000
0.9714285714 -1436029803682353039270101764480548747608064.0000000000
0.9809523810 -3491005130521722525217277663427897661063168.0000000000
0.9904761905 9107780179207984783198359343915637065908224.0000000000
1.0000000000 2028658348401997505322055571389704336048128.0000000000
1.0095238095 1158074064609888067250676903928877820149760.0000000000
1.0190476190 818331281120179091344039203967343611871232.0000000000
1.0285714286 637387237037129610949639594612963902750720.0000000000
1.0380952381 525023710896444074187972932763507826360320.0000000000
1.0476190476 448481853350910951258279280848130222850048.0000000000
1.0571428571 393000976838695014719112100762425369821184.0000000000
1.0666666667 350950740661429293627606216583931588771840.0000000000
1.0761904762 317989571202297868660196486697165636239360.0000000000
1.0857142857 291465142942126808084148901349002181607424.0000000000
1.0952380952 269665630653949557616945454632333435994112.0000000000
1.1047619048 251436784755731701735527185057948022865920.0000000000
1.1142857143 235972008432108837727514826379613962240000.0000000000
1.1238095238 222690634633251114102677661221460362919936.0000000000
1.1333333333 211163998537858168358591500005574610780160.0000000000
1.1428571429 201068755220795206223904108705772375900160.0000000000
1.1523809524 192156406006360852150456188762446056390656.0000000000
1.1619047619 184232826845691460832426289769259303174144.0000000000
1.1714285714 177144167369890343854430038681208385175552.0000000000
1.1809523810 170766921720583129837571741680208319610880.0000000000
1.1904761905 165000798894148442439127410680072387952640.0000000000
1.2000000000 159763513058935210927948008322792228388864.0000000000
1.2095238095 154986916546091089846562052344917690155008.0000000000
1.2190476190 150614088424775411534391360209007778201600.0000000000
1.2285714286 146597114066760427001885291902554561576960.0000000000
1.2380952381 142895371650341989478744648504118484140032.0000000000
1.2476190476 139474195526154481415251733048707583574016.0000000000
1.2571428571 136303823163844412735843314542603701059584.0000000000
1.2666666667 133358557884768105286276376363426255994880.0000000000
1.2761904762 130616097497031397177427439306116448649216.0000000000
1.2857142857 128056991706961579057503070046187803377664.0000000000
1.2952380952 125664200381946161291553006482765790576640.0000000000
1.3047619048 123422731452214111854333146029716358037504.0000000000
1.3142857143 121319342189470028671354537805648119201792.0000000000
1.3238095238 119342291287775891603338164402741649080320.0000000000
1.3333333333 117481131944839213372767486955457838317568.0000000000
1.3428571429 115726538245235551571801383084247616585728.0000000000
1.3523809524 114070158755941650783020440694296389091328.0000000000
1.3619047619 112504492484800606168635451248456513880064.0000000000
1.3714285714 111022783315655972223380099602761035808768.0000000000
1.3809523810 109618929787033260564362444604331423432704.0000000000
1.3904761905 108287407674078457143712711273494293250048.0000000000
1.4000000000 107023203303009223238475447319195847491584.0000000000
1.4095238095 105821755901447390770097955761101077479424.0000000000
1.4190476190 104678907587761715005792565573008974938112.0000000000
1.4285714286 103590859844002431288296874258971825799168.0000000000
1.4380952381 102554135512521404320659929587421087268864.0000000000
1.4476190476 101565545515415289395786336665795907551232.0000000000
1.4571428571 100622159625944029042987819752319208128512.0000000000
1.4666666667 99721280727813939604157500569380315987968.0000000000
1.4761904762 98860422086216704794881625174874626457600.0000000000
1.4857142857 98037287227369351101216906163070798135296.0000000000
1.4952380952 97249752083852143917568412038453522333696.0000000000
1.5047619048 96495849113546221426661351205253725290496.0000000000
1.5142857143 95773753142260254023008387017995081220096.0000000000
1.5238095238 95081768715658415993577928671684808671232.0000000000
1.5333333333 94418318776046275008698654005076890222592.0000000000
1.5428571429 93781934504884099986402016465836469911552.0000000000
1.5523809524 93171246193379931821713814929764473896960.0000000000
1.5619047619 92584975021773235825891547911062659530752.0000000000
1.5714285714 92021925643513975910472387678454841081856.0000000000
1.5809523810 91480979483868510473595525289736679718912.0000000000
1.5904761905 90961088673926163814495431944820188250112.0000000000
1.6000000000 90461270550809319357418021597169808572416.0000000000
1.6095238095 89980602663376675619598193408431842394112.0000000000
1.6190476190 89518218230031643819057801620820154384384.0000000000
1.6285714286 89073302001597763392618775537515352817664.0000000000
1.6380952381 88645086487736371087614691696265855500288.0000000000
1.6476190476 88232848510171194560274325932429597999104.0000000000
1.6571428571 87835906050174542904843220908759180115968.0000000000
1.6666666667 87453615361412695245303243659125849063424.0000000000
1.6761904762 87085368322453908338597624421830157664256.0000000000
1.6857142857 86730590006047346125092932230066621906944.0000000000
1.6952380952 86388736444741388533518656180603372699648.0000000000
1.7047619048 86059292574587313376728045205285356175360.0000000000
1.7142857143 85741770340585569852775575641879522312192.0000000000
1.7238095238 85435706949222656145712879347491101736960.0000000000
1.7333333333 85140663254948186531125346786065720016896.0000000000
1.7428571429 84856222268762924898358941619878189072384.0000000000
1.7523809524 84581987778272786648655026406317394755584.0000000000
1.7619047619 84317583069608177765459684852721870962688.0000000000
1.7714285714 84062649742542510497516463682968331747328.0000000000
1.7809523810 83816846610976346485836444574719070437376.0000000000
1.7904761905 83579848681696807731099289140643105865728.0000000000
1.8000000000 83351346204988304066843268113190988283904.0000000000
1.8095238095 83131043791263096169479023358443180261376.0000000000
1.8190476190 82918659588419074895293557694368759939072.0000000000
1.8285714286 82713924515108812349581717313901140377600.0000000000
1.8380952381 82516581545534211299353113512065523253248.0000000000
1.8476190476 82326385041775759971243657632317479845888.0000000000
1.8571428571 82143100130007196455388888024558379991040.0000000000
1.8666666667 81966502117268125617945226757332992524288.0000000000
1.8761904762 81796375945752157447584205717976706449408.0000000000
1.8857142857 81632515681823393194541412996943982886912.0000000000
1.8952380952 81474724037209922909692332311951328673792.0000000000
1.9047619048 81322811920037035889638379093691461533696.0000000000
1.9142857143 81176598013550267721452932045088384614400.0000000000
1.9238095238 81035908380557754183928628453389098811392.0000000000
1.9333333333 80900576091778290504959727318297940590592.0000000000
1.9428571429 80770440876425395332853712899283158564864.0000000000
1.9523809524 80645348793492053302068116547212282953728.0000000000
1.9619047619 80525151922318269306502292056087294115840.0000000000
1.9714285714 80409708071135030554042348580558505771008.0000000000
1.9809523810 80298880502377385050452730923155189661696.0000000000
1.9904761905 80192537673652432448818263441623343955968.0000000000
2.0000000000 80090552993331206968536517231014190252032.0000000000
2.0095238095 79992804589808791687751857759401468231680.0000000000
2.0190476190 79899175093551154187194413031165375021056.0000000000
2.0285714286 79809551431108287798607247251753947627520.0000000000
2.0380952381 79723824630333747030365097928768381517824.0000000000
2.0476190476 79641889636107591641882048002797342818304.0000000000
2.0571428571 79563645135905557619859063671596599214080.0000000000
2.0666666667 79488993394607593637737967895978264494080.0000000000
2.0761904762 79417840097979299044916662024275933265920.0000000000
2.0857142857 79350094204299713327140804569084081471488.0000000000
2.0952380952 79285667803644816912032989114975580585984.0000000000
2.1047619048 79224475984370156216207368210494296948736.0000000000
2.1142857143 79166436706366606160763755591389910401024.0000000000
2.1238095238 79111470680690914590488351046479170764800.0000000000
2.1333333333 79059501255201600209099971084410180075520.0000000000
2.1428571429 79010454305851723909482950853945597100032.0000000000
2.1523809524 78964258133316427303528595520456050606080.0000000000
2.1619047619 78920843364651285486314392573002435788800.0000000000
2.1714285714 78880142859697966422811519144988399108096.0000000000
2.1809523810 78842091621973312629215163092128147439616.0000000000
2.1904761905 78806626713791200976568595990196099481600.0000000000
2.2000000000 78773687175386643298583766727458610479104.0000000000
2.2095238095 78743213947822074290268882430891053285376.0000000000
2.2190476190 78715149799471489219628433644554719068160.0000000000
2.2285714286 78689439255890734503071011241158728744960.0000000000
2.2380952381 78666028532892844385340086699402572333056.0000000000
2.2476190476 78644865472658632510454520308770143207424.0000000000
2.2571428571 78625899482724169101289280879888758210560.0000000000
2.2666666667 78609081477693505764390474793811418546176.0000000000
2.2761904762 78594363823537399008418192943362955280384.0000000000
2.2857142857 78581700284344102838216988488059410448384.0000000000
2.2952380952 78571045971397072752260922093401672777728.0000000000
2.3047619048 78562357294462856937737742978467137323008.0000000000
2.3142857143 78555591915177295832221789529455380660224.0000000000
2.3238095238 78550708702424698763124226068454051938304.0000000000
2.3333333333 78547667689613273927944888526415088058368.0000000000
2.3428571429 78546430033751200190104057228172090933248.0000000000
2.3523809524 78546957976236955686987773847191062315008.0000000000
2.3619047619 78549214805279955441292662680162899329024.0000000000
2.3714285714 78553164819873507753195277284119005888512.0000000000
2.3809523810 78558773295245077944090523965037851181056.0000000000
2.3904761905 78566006449714747580643432997282872557568.0000000000
2.4000000000 78574831412893453649170646479616750911488.0000000000
2.4095238095 78585216195160909560006940382259065126912.0000000000
2.4190476190 78597129658361233608640056434975188189184.0000000000
2.4285714286 78610541487660751677164026250427122057216.0000000000
2.4380952381 78625422164515526138292826610670818557952.0000000000
2.4476190476 78641742940695824424946712748515615834112.0000000000
2.4571428571 78659475813321733155364227470607920398336.0000000000
2.4666666667 78678593500862905106466712422893161021440.0000000000
2.4761904762 78699069420059942875064228053706742956032.0000000000
2.4857142857 78720877663726131992311403458919437172736.0000000000
2.4952380952 78743992979390615422834738883778461040640.0000000000
2.5047619048 78768390748746122703923279316065615609856.0000000000
2.5142857143 78794046967865885391004013579437275611136.0000000000
2.5238095238 78820938228156962412580607100761598328832.0000000000
2.5333333333 78849041698017440722977999451103258738688.0000000000
2.5428571429 78878335105167462192720525437589214199808.0000000000
2.5523809524 78908796719626078014561284934469303664640.0000000000
2.5619047619 78940405337305777160675575969151123980288.0000000000
2.5714285714 78973140264199117692081902426905798246400.0000000000
2.5809523810 79006981301132247563396673668176964222976.0000000000
2.5904761905 79041908729062490403448271859674530185216.0000000000
2.6000000000 79077903294896852595859784558332623192064.0000000000
2.6095238095 79114946197809942451417819065855357485056.0000000000
2.6190476190 79153019076041562131444730888685820575744.0000000000
2.6285714286 79192103994154087910293244882732709838848.0000000000
2.6380952381 79232183430730566763233228692994454978560.0000000000
2.6476190476 79273240266497455402033022378573933051904.0000000000
2.6571428571 79315257772852243074639542723852378308608.0000000000
2.6666666667 79358219600783336943400385507238554370048.0000000000
2.6761904762 79402109770163621598425531189302906585088.0000000000
2.6857142857 79446912659404791049741726697744230252544.0000000000
2.6952380952 79492612995458642429676265785497011355648.0000000000
2.7047619048 79539195844149489641529937861274090078208.0000000000
2.7142857143 79586646600828373718618277272349313073152.0000000000
2.7238095238 79634950981333537614750704283943549534208.0000000000
2.7333333333 79684095013247532705216868389950012260352.0000000000
2.7428571429 79734065027438906425710275331385412550656.0000000000
2.7523809524 79784847649877455317120869321527026253824.0000000000
2.7619047619 79836429793713555826364234867972576903168.0000000000
2.7714285714 79888798651610808587749569533451352145920.0000000000
2.7809523810 79941941688323504689929454480063417286656.0000000000
2.7904761905 79995846633509039422336810505847925899264.0000000000
2.8000000000 80050501474766772334745509501323993677824.0000000000
2.8095238095 80105894450896176769102522721289874964480.0000000000
2.8190476190 80162014045363949801428818480211752386560.0000000000
2.8285714286 80218848979975179190664652335269531353088.0000000000
2.8380952381 80276388208739447198076076994565656018944.0000000000
2.8476190476 80334620911924965892941033188651025039360.0000000000
2.8571428571 80393536490295753498731652316134820020224.0000000000
2.8666666667 80453124559522190044642410747013994905600.0000000000
2.8761904762 80513374944762814941615057119341545783296.0000000000
2.8857142857 80574277675407433948326358835934175166464.0000000000
2.8952380952 80635822979979030632840426249469359554560.0000000000
2.9047619048 80698001281186464733889930315285168914432.0000000000
2.9142857143 80760803191125433184674858366166051586048.0000000000
2.9238095238 80824219506619453760792314696659787317248.0000000000
2.9333333333 80888241204698724300041730375511330258944.0000000000
2.9428571429 80952859438210899907666421393640589885440.0000000000
2.9523809524 81018065531559377985641540980434821709824.0000000000
2.9619047619 81083850976565019423847964017295217393664.0000000000
2.9714285714 81150207428447311662224096813644465045504.0000000000
2.9809523810 81217126701920418391407304322664986836992.0000000000
2.9904761905 81284600767400402071747098655943156563968.0000000000
3.0000000000 81352621747321269118896758057903868346368.0000000000
3.0095238095 81421181912553822141104973945262118535168.0000000000
3.0190476190 81490273678925897531443659207582146363392.0000000000
3.0285714286 81559889603839897409998341863816927641600.0000000000
3.0380952381 81630022382985091678909788729111235002368.0000000000
3.0476190476 81700664847139873829801514409236235288576.0000000000
3.0571428571 81771809959064047874845630958922805280768.0000000000
3.0666666667 81843450810474811630172257547218105401344.0000000000
3.0761904762 81915580619106832879291323728234715021312.0000000000
3.0857142857 81988192725851621398874535468727095263232.0000000000
3.0952380952 82061280591974765478727080211552527187968.0000000000
3.1047619048 82134837796408353956332804956765376479232.0000000000
3.1142857143 82208858033115604972753336914058208608256.0000000000
3.1238095238 82283335108526898723136922612777749577728.0000000000
3.1333333333 82358262939043510053125686245724392521728.0000000000
3.1428571429 82433635548607309719387619097757070917632.0000000000
3.1523809524 82509447066335505859243836023997324066816.0000000000
3.1619047619 82585691724216421707076535325805927989248.0000000000
3.1714285714 82662363854866580356901255701467225915392.0000000000
3.1809523810 82739457889345672893182281641758390484992.0000000000
3.1904761905 82816968355027997864533887383527560839168.0000000000
3.2000000000 82894889873530023929671370408078539227136.0000000000
3.2095238095 82973217158689626828595692648999128399872.0000000000
3.2190476190 83051945014598315990303470125975190110208.0000000000
3.2285714286 83131068333683114141760174628068235673600.0000000000
3.2380952381 83210582094837403248271006337085315481600.0000000000
3.2476190476 83290481361598889546597066237662256431104.0000000000
3.2571428571 83370761280373120902954607754649828065280.0000000000
3.2666666667 83451417078702266353700660106800907943936.0000000000
3.2761904762 83532444063576720634252680284342438592512.0000000000
3.2857142857 83613837619788363456048846689391060451328.0000000000
3.2952380952 83695593208325483202955551356245818474496.0000000000
3.3047619048 83777706364806125125925523545369729826816.0000000000
3.3142857143 83860172697951150332978654676502100049920.0000000000
3.3238095238 83942987888093678610649945141412796301312.0000000000
3.3333333333 84026147685725350290199634262801371889664.0000000000
3.3428571429 84109647910077714662438052918496453459968.0000000000
3.3523809524 84193484447737903528794747049049795330048.0000000000
3.3619047619 84277653251297506691097497340984464244736.0000000000
3.3714285714 84362150338034107781294047731826886180864.0000000000
3.3809523810 84446971788624319862329712692915037274112.0000000000
3.3904761905 84532113745886841074977654983872938508288.0000000000
3.4000000000 84617572413555936529697224394154155442176.0000000000
3.4095238095 84703344055083905403943376833678053212160.0000000000
3.4190476190 84789424992470763377527257955447036968960.0000000000
3.4285714286 84875811605122755530922956454722185199616.0000000000
3.4380952381 84962500328736072929061583157233157406720.0000000000
3.4476190476 85049487654207591115045376298701134233600.0000000000
3.4571428571 85136770126570096605263920732924605890560.0000000000
3.4666666667 85224344343952446270614099251964300754944.0000000000
3.4761904762 85312206956563634434728742812887103307776.0000000000
3.4857142857 85400354665699568434800921958927652880384.0000000000
3.4952380952 85488784222773307014715318963672639864832.0000000000
3.5047619048 85577492428366595155417931282786725920768.0000000000
3.5142857143 85666476131303062855973269160549198856192.0000000000
3.5238095238 85755732227742962137023807469767192739840.0000000000
3.5333333333 85845257660296918029540336439348686749696.0000000000
3.5428571429 85935049417160453744856570169613654949888.0000000000
3.5523809524 86025104531267897343443816882534105481216.0000000000
3.5619047619 86115420079464238534255287185960157052928.0000000000
3.5714285714 86205993181696173544679325732107051859968.0000000000
3.5809523810 86296821000220616550734435038358323331072.0000000000
3.5904761905 86387900738830087711706119531347862093824.0000000000
3.6000000000 86479229642096515562868099622631106412544.0000000000
3.6095238095 86570804994629188675996295404216993710080.0000000000
3.6190476190 86662624120351585905481912393292123734016.0000000000
3.6285714286 86754684381791485475647174363799894360064.0000000000
3.6380952381 86846983179387631516086498139196413181952.0000000000
3.6476190476 86939517950811226863259422197405005643776.0000000000
3.6571428571 87032286170301391373151723471996928917504.0000000000
3.6666666667 87125285348015108000958795869401764593664.0000000000
3.6761904762 87218513029391792047483087340615057276928.0000000000
3.6857142857 87311966794529233979642471384181588885504.0000000000
3.6952380952 87405644257575151901161482641082459095040.0000000000
3.7047619048 87499543066129904826429234746163053199360.0000000000
3.7142857143 87593660900662262353209176174647836672000.0000000000
3.7238095238 87687995473937282936358106214469006786560.0000000000
3.7333333333 87782544530456590904751158575410930778112.0000000000
3.7428571429 87877305845909137282914483062457635962880.0000000000
3.7523809524 87972277226634842926191740737625968869376.0000000000
3.7619047619 88067456509097371463700328761326135410688.0000000000
3.7714285714 88162841559370016668578784731009453654016.0000000000
3.7809523810 88258430272629887895060025834471289782272.0000000000
3.7904761905 88354220572664204116553848128967851114496.0000000000
3.8000000000 88450210411385234201191309648190477697024.0000000000
3.8095238095 88546397768355933763021063748177734139904.0000000000
3.8190476190 88642780650324982620379015809690016677888.0000000000
3.8285714286 88739357090770739291103457445376792985600.0000000000
3.8380952381 88836125149455195722130052919477011480576.0000000000
3.8476190476 88933082911985630458706131526104039555072.0000000000
3.8571428571 89030228489386552190181539691065700777984.0000000000
3.8666666667 89127560017678374594763107328929076084736.0000000000
3.8761904762 89225075657465839962078486569750135570432.0000000000
3.8857142857 89322773593534121912546182610321103912960.0000000000
3.8952380952 89420652034452433128233752183334401736704.0000000000
3.9047619048 89518709212186047207420519845602541961216.0000000000
3.9142857143 89616943381715496702825526705059082010624.0000000000
3.9238095238 89715352820663179457258077595342175469568.0000000000
3.9333333333 89813935828927489293569569702361494978560.0000000000
3.9428571429 89912690728323813403260732284577486209024.0000000000
3.9523809524 90011615862232435119370505155126543515648.0000000000
3.9619047619 90110709595253206673954759087324540174336.0000000000
3.9714285714 90209970312867011282967971977615508504576.0000000000
3.9809523810 90309396421103569673846242582429178003456.0000000000
3.9904761905 90408986346215397627660503488279418503168.0000000000
4.0000000000 90508738534358243363662868494239108431872.0000000000
4.0095238095 90608651451277308424954016380386797420544.0000000000
4.0190476190 90708723581999600235907660075427478634496.0000000000
4.0285714286 90808953430532145531968507546552336646144.0000000000
4.0380952381 90909339519565290949299161048865658896384.0000000000
4.0476190476 91009880390182251343062784778386628673536.0000000000
4.0571428571 91110574601573590523049800212083919290368.0000000000
4.0666666667 91211420730757369433546934829481310814208.0000000000
4.0761904762 91312417372303975293979818678427769110528.0000000000
4.0857142857 91413563138066560155358592820238161543168.0000000000
4.0952380952 91514856656916141074683951784931639689216.0000000000
4.1047619048 91616296574481535992631644543168846757888.0000000000
4.1142857143 91717881552894077286076092492687563816960.0000000000
4.1238095238 91819610270537335109210490468038338412544.0000000000
4.1333333333 91921481421800670611663446895545582354432.0000000000
4.1428571429 92023493716837953687717017644103014285312.0000000000
4.1523809524 92125645881330342716278645029996115001344.0000000000
4.1619047619 92227936656252952206288977469150437834752.0000000000
4.1714285714 92330364797646684973231082825214263820288.0000000000
4.1809523810 92432929076393139822924761374261709373440.0000000000
4.1904761905 92535628277994064796402609775192729190400.0000000000
4.2000000000 92638461202354678977408851853492178911232.0000000000
4.2095238095 92741426663570630748763570189546393960448.0000000000
4.2190476190 92844523489719114753546412031320757633024.0000000000
4.2285714286 92947750522653296477322760832459265277952.0000000000
4.2380952381 93051106617800218536730397922407242268672.0000000000
4.2476190476 93154590643963020415390549173429413609472.0000000000
4.2571428571 93258201483125808165215526934778929479680.0000000000
4.2666666667 93361938030262199242208000439557497552896.0000000000
4.2761904762 93465799193147445762686325513932645597184.0000000000
4.2857142857 93569783892173343124598266391973507104768.0000000000
4.2952380952 93673891060166736392073890666910532501504.0000000000
4.3047619048 93778119642210870073506197850214109282304.0000000000
4.3142857143 93882468595470084206300441224228768841728.0000000000
4.3238095238 93986936889017276463898727966359121035264.0000000000
4.3333333333 94091523503664536484155288060210217746432.0000000000
4.3428571429 94196227431796198049350972465077328805888.0000000000
4.3523809524 94301047677205353629755127583392076398592.0000000000
4.3619047619 94405983254932883492892268156851958317056.0000000000
4.3714285714 94511033191108922007261093254966078865408.0000000000
4.3809523810 94616196522797225368020577373620174585856.0000000000
4.3904761905 94721472297842653515587388818395683094528.0000000000
4.4000000000 94826859574719851308646365800030120443904.0000000000
4.4095238095 94932357422386243144485377526772810121216.0000000000
4.4190476190 95037964920135975377172763166013581688832.0000000000
4.4285714286 95143681157456818186141187418131150143488.0000000000
4.4380952381 95249505233889794781420546693759632408576.0000000000
4.4476190476 95355436258890899632687169370268956098560.0000000000
4.4571428571 95461473351694267409296553603254915694592.0000000000
4.4666666667 95567615641179481282322465628323422666752.0000000000
4.4761904762 95673862265738784512530468892540779102208.0000000000
4.4857142857 95780212373148276657852903003643782889472.0000000000
4.4952380952 95886665120440212321211351221057164935168.0000000000
4.5047619048 95993219673777949863735703214061982318592.0000000000
4.5142857143 96099875208332215429274958536506091765760.0000000000
4.5238095238 96206630908160307076501332879667508543488.0000000000
4.5333333333 96313485966086343422922511364724711489536.0000000000
4.5428571429 96420439583583949483346244927643155693568.0000000000
4.5523809524 96527490970660799418403874774474133864448.0000000000
4.5619047619 96634639345744822765001646566398033395712.0000000000
4.5714285714 96741883935572499690588318683981485703168.0000000000
4.5809523810 96849223975078374844648942037642619387904.0000000000
4.5904761905 96956658707286989061837869136465725751296.0000000000
4.6000000000 97064187383206319804534642214225957617664.0000000000
4.6095238095 97171809261722401516999825233488541384704.0000000000
4.6190476190 97279523609496518573674975820591763816448.0000000000
4.6285714286 97387329700862997854689146056700613099520.0000000000
4.6380952381 97495226817729573915509523199744194641920.0000000000
4.6476190476 97603214249478547211929737603091754123264.0000000000
4.6571428571 97711291292870108720126920049709774012416.0000000000
4.6666666667 97819457251946206155485946440189338451968.0000000000
4.6761904762 97927711437937350299016985258926383562752.0000000000
4.6857142857 98036053169169266581268134367767585357824.0000000000
4.6952380952 98144481770972486773831360577809133076480.0000000000
4.7047619048 98252996575592018052100894557462683713536.0000000000
4.7142857143 98361596922099255824352830492269571211264.0000000000
4.7238095238 98470282156305153843677124959056710074368.0000000000
4.7333333333 98579051630674090661181693826497129742336.0000000000
4.7428571429 98687904704239670360507892562350038843392.0000000000
4.7523809524 98796840742522051374581989431977718054912.0000000000
4.7619047619 98905859117445391359245321701263184756736.0000000000
4.7714285714 99014959207257671232897453429743679438848.0000000000
4.7809523810 99124140396451389642729455796749940555776.0000000000
4.7904761905 99233402075685127857547309960551267827712.0000000000
4.8000000000 99342743641706604057205075140643823550464.0000000000
4.8095238095 99452164497276675419880634569311903547392.0000000000
4.8190476190 99561664051094965005653003504800013221888.0000000000
4.8285714286 99671241717725933524781255428021235482624.0000000000
4.8380952381 99780896917526189046022733619540497793024.0000000000
4.8476190476 99890629076573711643449532309170573803520.0000000000
4.8571428571 100000437626596459073245335135430635421696.0000000000
4.8666666667 100110322004903912558095556383157690302464.0000000000
4.8761904762 100220281654318100315623408701314546270208.0000000000
4.8857142857 100330316023106787481894720236278849208320.0000000000
4.8952380952 100440424564916356549912930420063396167680.0000000000
4.9047619048 100550606738707299087884453357553813815296.0000000000
4.9142857143 100660862008689127173090626191742377918464.0000000000
4.9238095238 100771189844257064364566130203107000320000.0000000000
4.9333333333 100881589719929645787993762110129594957824.0000000000
4.9428571429 100992061115286763105300823553350735757312.0000000000
4.9523809524 101102603514908966767107909793766008946688.0000000000
4.9619047619 101213216408317503292076024105760586727424.0000000000
4.9714285714 101323899289915474429414294545917928275968.0000000000
4.9809523810 101434651658929228435145056730630024331264.0000000000
4.9904761905 101545473019351492201549181679719218675712.0000000000
5.0000000000 101656362879884213244414696149058100133888.0000000000
5.0095238095 101767320753883316628783672535802129154048.0000000000
5.0190476190 101878346159303423209072891115488673792000.0000000000
5.0285714286 101989438618643709095168218489076968325120.0000000000
5.0380952381 102100597658894596859482880894860269715456.0000000000
5.0476190476 102211822811484930314343583372047896543232.0000000000
5.0571428571 102323113612230135772845434461753828179968.0000000000
5.0666666667 102434469601280982936913399764055958224896.0000000000
5.0761904762 102545890323072945412570284351126002204672.0000000000
5.0857142857 102657375326276741136804659058433918500864.0000000000
5.0952380952 102768924163748892147251900610019124576256.0000000000
5.1047619048 102880536392483619005980086294370588819456.0000000000
5.1142857143 102992211573564677194836547138106536493056.0000000000
5.1238095238 103103949272118682907404186302797393690624.0000000000
5.1333333333 103215749057268458183770911315855526592512.0000000000
5.1428571429 103327610502087459242833441009165517455360.0000000000
5.1523809524 103439533183554050072096201785180078211072.0000000000
5.1619047619 103551516682507748984407834957829084545024.0000000000
5.1714285714 103663560583604546719668240058222435631104.0000000000
5.1809523810 103775664475273984742528977040431286059008.0000000000
5.1904761905 103887827949676581710729717500471593140224.0000000000
5.2000000000 104000050602660757030293736209550986444800.0000000000
5.2095238095 104112332033722559118624908587000955666432.0000000000
5.2190476190 104224671845963246615349072591794760318976.0000000000
5.2285714286 104337069646049964443253604064752587243520.0000000000
5.2380952381 104449525044174988501056568349803856003072.0000000000
5.2476190476 104562037654016730552169230815327896469504.0000000000
5.2571428571 104674607092700685085019225873294240514048.0000000000
5.2666666667 104787232980761285285590076199542292742144.0000000000
5.2761904762 104899914942103720324334484285927410630656.0000000000
5.2857142857 105012652603966758469369543363940340203520.0000000000
5.2952380952 105125445596886073112812908014063329476608.0000000000
5.3047619048 105238293554657394711800940268525084213248.0000000000
5.3142857143 105351196114301306868621531609733324079104.0000000000
5.3238095238 105464152916027094613004347099434369155072.0000000000
5.3333333333 105577163603198468937283111412351870435328.0000000000
5.3428571429 105690227822298440247780886170886547177472.0000000000
5.3523809524 105803345222896010040628047682094682341376.0000000000
5.3619047619 105916515457611856751298345303193262489600.0000000000
5.3714285714 106029738182085569029194066532408741593088.0000000000
5.3809523810 106143013054943014411922998938293371928576.0000000000
5.3904761905 106256339737763785370827847425308716171264.0000000000
5.4000000000 106369717895049283669348408023613404348416.0000000000
5.4095238095 106483147194191617119534522709656293343232.0000000000
5.4190476190 106596627305442302910427895886101673410560.0000000000
5.4285714286 106710157901881493192397984381557947760640.0000000000
5.4380952381 106823738659387877659936871642644147601408.0000000000
5.4476190476 106937369256608663505706597262323628376064.0000000000
5.4571428571 107051049374930329087111039870909577953280.0000000000
5.4666666667 107164778698449300221615344690803343622144.0000000000
5.4761904762 107278556913943168080832538445103027453952.0000000000
5.4857142857 107392383710842274598059307113481192341504.0000000000
5.4952380952 107506258781202206988028123889201947082752.0000000000
5.5047619048 107620181819675151040685660926197108834304.0000000000
5.5142857143 107734152523483642923797316510424982618112.0000000000
5.5238095238 107848170592392522103932155663017178038272.0000000000
5.5333333333 107962235728683495547218218342442791337984.0000000000
5.5428571429 108076347637127554867842192065258309287936.0000000000
5.5523809524 108190506024960004756319452125874878414848.0000000000
5.5619047619 108304710601854234124911702601983879806976.0000000000
5.5714285714 108418961079896763878710130408390993641472.0000000000
5.5809523810 108533257173561927173269396503581153034240.0000000000
5.5904761905 108647598599687265356326838956754923945984.0000000000
5.6000000000 108761985077449272080157725028067200466944.0000000000
5.6095238095 108876416328339021357051820244465128308736.0000000000
5.6190476190 108990892076138685384193193842598612041728.0000000000
5.6285714286 109105412046897684855090861364461711654912.0000000000
5.6380952381 109219975968909787068852005122307008757760.0000000000
5.6476190476 109334583572689933240071600986624838598656.0000000000
5.6571428571 109449234590951781492807257034593948139520.0000000000
5.6666666667 109563928758585191826114710696331768233984.0000000000
5.6761904762 109678665812634039907406261080280205885440.0000000000
5.6857142857 109793445492274765892707526993129657860096.0000000000
5.6952380952 109908267538794226905642106933338393542656.0000000000
5.7047619048 110023131695569038913026004307795175800832.0000000000
5.7142857143 110138037708043951459806360945142116909056.0000000000
5.7238095238 110252985323711363629973906819038457102336.0000000000
5.7333333333 110367974292090723950596726767023571337216.0000000000
5.7428571429 110483004364708085038358937881914338443264.0000000000
5.7523809524 110598075295076567358315717104341889318912.0000000000
5.7619047619 110713186838675623728235271103147046600704.0000000000
5.7714285714 110828338752932450875196441737190042501120.0000000000
5.7809523810 110943530797201737510258521787415840948224.0000000000
5.7904761905 111058762732747366027255567929665784905728.0000000000
5.8000000000 111174034322722856918738314493147549270016.0000000000
5.8095238095 111289345332153418645404535446449103568896.0000000000
5.8190476190 111404695527916566137358982662609822547968.0000000000
5.8285714286 111520084678724828319189618263405489029120.0000000000
5.8380952381 111635512555106985581247195574556854059008.0000000000
5.8476190476 111750978929390854675973946806281820962816.0000000000
5.8571428571 111866483575685299901707717371175817445376.0000000000
5.8666666667 111982026269863095370263108901031160840192.0000000000
5.8761904762 112097606789543497132315914752654493876224.0000000000
5.8857142857 112213224914075685729377678046690008891392.0000000000
5.8952380952 112328880424521260947927671837169702404096.0000000000
5.9047619048 112444573103638438741098896678941615980544.0000000000
5.9142857143 112560302735865339038147727993958698057728.0000000000
5.9238095238 112676069107303563696120270948569595248640.0000000000
5.9333333333 112791872005702393421538358020946893209600.0000000000
5.9428571429 112907711220443004034898660402582152806400.0000000000
5.9523809524 113023586542522740763611140901981332176896.0000000000
5.9619047619 113139497764539547277442417520894571184128.0000000000
5.9714285714 113255444680676742894595176043748291248128.0000000000
5.9809523810 113371427086688147958423631640279610556416.0000000000
5.9904761905 113487444779882841700699827620901648596992.0000000000
6.0000000000 113603497559110171561450414034937169575936.0000000000
6.0095238095 113719585224745884391954028644726353166336.0000000000
6.0190476190 113835707578676729575502685008457736650752.0000000000
6.0285714286 113951864424287131829166340808146254036992.0000000000
6.0380952381 114068055566444413294573928622601627762688.0000000000
6.0476190476 114184280811484944083723850735602934743040.0000000000
6.0571428571 114300539967200679681056750625409078394880.0000000000
6.0666666667 114416832842825214775200438602599378190336.0000000000
6.0761904762 114533159249020301318229549465517246382080.0000000000
6.0857142857 114649518997862366584925200155713864728576.0000000000
6.0952380952 114765911902830075743942794452998807355392.0000000000
6.1047619048 114882337778790056861734013434145110228992.0000000000
6.1142857143 114998796441985198500612945862478115373056.0000000000
6.1238095238 115115287710021013035510835170784785203200.0000000000
6.1333333333 115231811401853702138284843842101003157504.0000000000
6.1428571429 115348367337776984321987532410223975202816.0000000000
6.1523809524 115464955339410624652690355858102617636864.0000000000
6.1619047619 115581575229687126894061345779882391502848.0000000000
6.1714285714 115698226832840940217647590971633525850112.0000000000
6.1809523810 115814909974395383461210285602197395734528.0000000000
6.1904761905 115931624481151600382436729961046406594560.0000000000
6.2000000000 116048370181176489743557298000603727790080.0000000000
6.2095238095 116165146903791254365982047568700475703296.0000000000
6.2190476190 116281954479560317698386493488302007517184.0000000000
6.2285714286 116398792740279389301020371938295221846016.0000000000
6.2380952381 116515661518964806955681917882684349087744.0000000000
6.2476190476 116632560649842395205364296648116859305984.0000000000
6.2571428571 116749489968336188494210238662941803020288.0000000000
6.2666666667 116866449311058121448122365899607916937216.0000000000
6.2761904762 116983438515797042156914534124723894222848.0000000000
6.2857142857 117100457421508267055230362502988923142144.0000000000
6.2952380952 117217505868302961718143738694522068008960.0000000000
6.3047619048 117334583697437811798956031463193579618304.0000000000
6.3142857143 117451690751305003452003124630024930459648.0000000000
6.3238095238 117568826873421778213573946677119353356288.0000000000
6.3333333333 117685991908420703566914212212063806160896.0000000000
6.3428571429 117803185702039575993781000585061825773568.0000000000
6.3523809524 117920408101111382054436676008266768056320.0000000000
6.3619047619 118037658953555458722055865387256356274176.0000000000
6.3714285714 118154938108366603378942369741426927861760.0000000000
6.3809523810 118272245415606717721263987887137865334784.0000000000
6.3904761905 118389580726394710810607095054844450308096.0000000000
6.4000000000 118506943892897620722757393052438821339136.0000000000
6.4095238095 118624334768321175254900359240653868105728.0000000000
6.4190476190 118741753206900507375326606181001487974400.0000000000
6.4285714286 118859199063891586357222453144182268624896.0000000000
6.4380952381 118976672195562087970880196430558107009024.0000000000
6.4476190476 119094172459182496789665745699426371895296.0000000000
6.4571428571 119211699713017498638182967809295995895808.0000000000
6.4666666667 119329253816317140926680664649362023907328.0000000000
6.4761904762 119446834629308592612666079827050815815680.0000000000
6.4857142857 119564442013187536649069242508296138522624.0000000000
6.4952380952 119682075830109427032715514419347690881024.0000000000
6.5047619048 119799735943182061164089877565121708949504.0000000000
6.5142857143 119917422216456314639855407711206017859584.0000000000
6.5238095238 120035134514919255211384749456080905437184.0000000000
6.5333333333 120152872704484761520399906708723402276864.0000000000
6.5428571429 120270636651986714428756173097095336558592.0000000000
6.5523809524 120388426225170350780980248140285835476992.0000000000
6.5619047619 120506241292684913135286980303129111691264.0000000000
6.5714285714 120624081724075796581455150365085572005888.0000000000
6.5809523810 120741947389776927672460620797924469637120.0000000000
6.5904761905 120859838161103162698922598977473351778304.0000000000
6.6000000000 120977753910243053476999063242636617842688.0000000000
6.6095238095 121095694510250994166262546264276628144128.0000000000
6.6190476190 121213659835040373913857837785568168116224.0000000000
6.6285714286 121331649759375859072069564829347124084736.0000000000
6.6380952381 121449664158866894013115943451667262865408.0000000000
6.6476190476 121567702909959693204519651438146978054144.0000000000
6.6571428571 121685765889931109537350742904795180302336.0000000000
6.6666666667 121803852976880916543794228505359973089280.0000000000
6.6761904762 121921964049725463954448737857419794710528.0000000000
6.6857142857 122040098988190540200287514771735953014784.0000000000
6.6952380952 122158257672804911913078396673942995599360.0000000000
6.7047619048 122276439984893205770157923667968039845888.0000000000
6.7142857143 122394645806569738137048025468723072598016.0000000000
6.7238095238 122512875020731493626295699635858256691200.0000000000
6.7333333333 122631127511052128825407723013055388319744.0000000000
6.7428571429 122749403161975376397578834311250700140544.0000000000
6.7523809524 122867701858708178383036323014922530193408.0000000000
6.7619047619 122986023487215579696377977188457363013632.0000000000
6.7714285714 123104367934212932972887208347231324209152.0000000000
6.7809523810 123222735087161062865254592940911355756544.0000000000
6.7904761905 123341124834259592773053599600410837909504.0000000000
6.8000000000 123459537064440658428478593066181117083648.0000000000
6.8095238095 123577971667363375851794277645108050395136.0000000000
6.8190476190 123696428533407845079270408649805463027712.0000000000
6.8285714286 123814907553668650977975544152171927830528.0000000000
6.8380952381 123933408619950278999069066309560279498752.0000000000
6.8476190476 124051931624759900308509721257862968115200.0000000000
6.8571428571 124170476461302729511908298935481187434496.0000000000
6.8666666667 124289043023475912325583661518217560457216.0000000000
6.8761904762 124407631205863186960143325216840636956672.0000000000
6.8857142857 124526240903728907191231285550445146144768.0000000000
6.8952380952 124644872013013109942183989659419195473920.0000000000
6.9047619048 124763524430325731782909299919472476291072.0000000000
6.9142857143 124882198052941115570962165066666398973952.0000000000
6.9238095238 125000892778793116719826820178514882330624.0000000000
6.9333333333 125119608506469339040608864122079354552320.0000000000
6.9428571429 125238345135206376410009256373537109704704.0000000000
6.9523809524 125357102564884145326081963636610285174784.0000000000
6.9619047619 125475880696021320004339095002802171150336.0000000000
6.9714285714 125594679429769394134124954892891053883392.0000000000
6.9809523810 125713498667908773630367048575437565329408.0000000000
6.9904761905 125832338312842915761202590444545707606016.0000000000
7.0000000000 125951198267593551473139387005364414185472.0000000000
7.0095238095 126070078435796352600918338043125402959872.0000000000
7.0190476190 126188978721695245080457969407505358389248.0000000000
7.0285714286 126307899030138153529969389517930965762048.0000000000
7.0380952381 126426839266572262260743400017214062985216.0000000000
7.0476190476 126545799337038966802927785080118067593216.0000000000
7.0571428571 126664779148169425058511129577995058020352.0000000000
7.0666666667 126783778607180147139932864911556445470720.0000000000
7.0761904762 126902797621867946895860558319439400927232.0000000000
7.0857142857 127021836100605802549183552387912661204992.0000000000
7.0952380952 127140893952338137050613189538578476040192.0000000000
7.1047619048 127259971086576465945732199363343665856512.0000000000
7.1142857143 127379067413394832471099833784655931244544.0000000000
7.1238095238 127498182843426016362881555578411974393856.0000000000
7.1333333333 127617317287856253268868961673722382516224.0000000000
7.1428571429 127736470658421811070558634523088859955200.0000000000
7.1523809524 127855642867404347608004821926373356470272.0000000000
7.1619047619 127974833827626519861242596697635534405632.0000000000
7.1714285714 128094043452448386187048683528708843110400.0000000000
7.1809523810 128213271655762860757859707983503623716864.0000000000
7.1904761905 128332518351991496828513380671445733998592.0000000000
7.2000000000 128451783456080714887691299604451465101312.0000000000
7.2095238095 128571066883498030809361752553902458273792.0000000000
7.2190476190 128690368550227316863566827704280856657920.0000000000
7.2285714286 128809688372765648837884858700281671581696.0000000000
7.2380952381 128929026268118741133535559807049092038656.0000000000
7.2476190476 129048382153797677829963787952888079187968.0000000000
7.2571428571 129167755947814579894702043898302219419648.0000000000
7.2666666667 129287147568679065448570640601770184671232.0000000000
7.2761904762 129406556935394400545868050240453467963392.0000000000
7.2857142857 129525983967453920753944844907839253118976.0000000000
7.2952380952 129645428584837046533702246795980583206912.0000000000
7.3047619048 129764890708005859561670979565673592651776.0000000000
7.3142857143 129884370257901253510201615367165242769408.0000000000
7.3238095238 130003867155939549055169653878464144474112.0000000000
7.3333333333 130123381324009031512428146007384199790592.0000000000
7.3428571429 130242912684466062932371813244118746791936.0000000000
7.3523809524 130362461160131445651071646856683043422208.0000000000
7.3619047619 130482026674287772324878312623763311558656.0000000000
7.3714285714 130601609150675170511537107340021771272192.0000000000
7.3809523810 130721208513488169134463517697275802419200.0000000000
7.3904761905 130840824687372487575766323829409925038080.0000000000
7.4000000000 130960457597421321856129743171551101976576.0000000000
7.4095238095 131080107169172346498780786179715467575296.0000000000
7.4190476190 131199773328604464936886132207586717466624.0000000000
7.4285714286 131319456002134115036247387199758206500864.0000000000
7.4380952381 131439155116612406358960236249847244521472.0000000000
7.4476190476 131558870599321986627690002481674257956864.0000000000
7.4571428571 131678602377973501990871815415039250137088.0000000000
7.4666666667 131798350380702792314809105026036482965504.0000000000
7.4761904762 131918114536067467505752453117231709028352.0000000000
7.4857142857 132037894773044160830437428880177239162880.0000000000
7.4952380952 132157691021025221295042123269989946359808.0000000000
7.5047619048 132277503209815676823528277056864403849216.0000000000
7.5142857143 132397331269630390864113547218253976174592.0000000000
7.5238095238 132517175131090774111042155147515618394112.0000000000
7.5333333333 132637034725222463367011226565894440222720.0000000000
7.5428571429 132756909983451569037426707713565418061824.0000000000
7.5523809524 132876800837601870422501859409948076670976.0000000000
7.5619047619 132996707219893036178450784319561321676800.0000000000
7.5714285714 133116629062936214156098472784794111442944.0000000000
7.5809523810 133236566299732271204887443925827084877824.0000000000
7.5904761905 133356518863668408180582824678943384141824.0000000000
7.6000000000 133476486688516012893016714215114376478720.0000000000
7.6095238095 133596469708426946285970327799174956843008.0000000000
7.6190476190 133716467857931762898367524055678380408832.0000000000
7.6285714286 133836481071936403243232339343474266472448.0000000000
7.6380952381 133956509285719775956049758497359186100224.0000000000
7.6476190476 134076552434931030458116664224658524995584.0000000000
7.6571428571 134196610455586732905827217331474369871872.0000000000
7.6666666667 134316683284068487024659855132469686697984.0000000000
7.6761904762 134436770857120303486593810017784160059392.0000000000
7.6857142857 134556873111845949944712514185883237220352.0000000000
7.6952380952 134676989985706397781872573546741148680192.0000000000
7.7047619048 134797121416517094774054717118422771040256.0000000000
7.7142857143 134917267342446204894370438127005254811648.0000000000
7.7238095238 135037427702011029892635934704220894134272.0000000000
7.7333333333 135157602434076423184696775493979912273920.0000000000
7.7428571429 135277791477851849744834596874217576202240.0000000000
7.7523809524 135397994772889181025072125873279532531712.0000000000
7.7619047619 135518212259080335131973292413772781060096.0000000000
7.7714285714 135638443876654414090302381870679970545664.0000000000
7.7809523810 135758689566176175760788042180082570100736.0000000000
7.7904761905 135878949268542938990025070388473621381120.0000000000
7.8000000000 135999222924982668671976143080145004003328.0000000000
7.8095238095 136119510477051325782575221110036479606784.0000000000
7.8190476190 136239811866631087840921076869590524362752.0000000000
7.8285714286 136360127035927582887002016015200601243648.0000000000
7.8380952381 136480455927467935857571380227464834842624.0000000000
7.8476190476 136600798484098312048882090284703008423936.0000000000
7.8571428571 136721154648981944149749034988143443443712.0000000000
7.8666666667 136841524365596772418349183405773973094400.0000000000
7.8761904762 136961907577733549086536429133796003020800.0000000000
7.8857142857 137082304229493014309126970522872397692928.0000000000
7.8952380952 137202714265284445452915773123117832994816.0000000000
7.9047619048 137323137629823432673168478766417336860672.0000000000
7.9142857143 137443574268129441719169062474010081624064.0000000000
7.9238095238 137564024125523918338534676717943444733952.0000000000
7.9333333333 137684487147628179910586243507792321183744.0000000000
7.9428571429 137804963280361635907541981656513956020224.0000000000
7.9523809524 137925452469939157271933925347363783704576.0000000000
7.9619047619 138045954662869683734063728081086166597632.0000000000
7.9714285714 138166469805953825303176547251631777906688.0000000000
7.9809523810 138286997846281947328962774573544867102720.0000000000
7.9904761905 138407538731232487676817132518152068923392.0000000000
8.0000000000 138528092408469364790881420548611833331712.0000000000
8.0095238095 138648658825940836468070798909973502885888.0000000000
8.0190476190 138769237931877043320808331702694309789696.0000000000
8.0285714286 138889829674787997124461148139692664815616.0000000000
8.0380952381 139010434003462342877301157166073258180608.0000000000
8.0476190476 139131050866964786206360907528243284803584.0000000000
8.0571428571 139251680214634429885505798044168048607232.0000000000
8.0666666667 139372321996083342467263653882428110405632.0000000000
8.0761904762 139492976161194159773998611137936670851072.0000000000
8.0857142857 139613642660118498787235782438462355931136.0000000000
8.0952380952 139734321443275313508546581048951616569344.0000000000
8.1047619048 139855012461348767250106199124181245755392.0000000000
8.1142857143 139975715665286743238083842485615140536320.0000000000
8.1238095238 140096431006299045731023144053192339226624.0000000000
8.1333333333 140217158435855485081343894272714286825472.0000000000
8.1428571429 140337897905684252939040479054234029916160.0000000000
8.1523809524 140458649367770413512259000714846183358464.0000000000
8.1619047619 140579412774353640458162959392871880327168.0000000000
8.1714285714 140700188077927191713838219842318621474816.0000000000
8.1809523810 140820975231235685072784920515198815567872.0000000000
8.1904761905 140941774187274073015822440355989628649472.0000000000
8.2000000000 141062584899285089459758372704816004595712.0000000000
8.2095238095 141183407320758418016424630432578467266560.0000000000
8.2190476190 141304241405428699682926721032073204727808.0000000000
8.2285714286 141425087107274062787847095228915626541056.0000000000
8.2380952381 141545944380514169367120649740794038583296.0000000000
8.2476190476 141666813179609248023379035574129878106112.0000000000
8.2571428571 141787693459258101616199933115197797957632.0000000000
8.2666666667 141908585174396347066113693230047294390272.0000000000
8.2761904762 142029488280195544928013214731496918614016.0000000000
8.2857142857 142150402732061032996085194963653203329024.0000000000
8.2952380952 142271328485630727049397072089769354199040.0000000000
8.3047619048 142392265496773399341529893860300468256768.0000000000
8.3142857143 142513213721587460003352146066695430078464.0000000000
8.3238095238 142634173116399061447334596802850972499968.0000000000
8.3333333333 142755143637760937798763466421103958687744.0000000000
8.3428571429 142876125242450934841943776143154939428864.0000000000
8.3523809524 142997117887470733394533835011659663409152.0000000000
8.3619047619 143118121530043470141532238300013255458816.0000000000
8.3714285714 143239136127613621578399184507949444759552.0000000000
8.3809523810 143360161637844528130977904600990766596096.0000000000
8.3904761905 143481198018617755842661905486244317495296.0000000000
8.4000000000 143602245228030949322139334430987477057536.0000000000
8.4095238095 143723303224397096716494653368129686601728.0000000000
8.4190476190 143844371966242904914907076834601644064768.0000000000
8.4285714286 143965451412307329494853920582278861291520.0000000000
8.4380952381 144086541521540278753631974695506379014144.0000000000
8.4476190476 144207642253101356425505104376757072429056.0000000000
8.4571428571 144328753566358410970720712391622003785728.0000000000
8.4666666667 144449875420886258949844226020401932664832.0000000000
8.4761904762 144571007776465524454972267014099598049280.0000000000
8.4857142857 144692150593080975627804861864675322626048.0000000000
8.4952380952 144813303830920364090858611761039294857216.0000000000
8.5047619048 144934467450373477149624114719778599337984.0000000000
8.5142857143 145055641412030532339077517357613206994944.0000000000
8.5238095238 145176825676680707369883863502319532376064.0000000000
8.5333333333 145298020205311443787124996166325802893312.0000000000
8.5428571429 145419224959106880202437336987301639618560.0000000000
8.5523809524 145540439899446401583028348673148409872384.0000000000
8.5619047619 145661664987903807510712640137127029374976.0000000000
8.5714285714 145782900186245764756862859772514338340864.0000000000
8.5809523810 145904145456431033569885142089931289526272.0000000000
8.5904761905 146025400760608900907356887157932529025024.0000000000
8.6000000000 146146666061117961838800589056798292443136.0000000000
8.6095238095 146267941320485075033775688838927458762752.0000000000
8.6190476190 146389226501424182850278630650763037114368.0000000000
8.6285714286 146510521566835189451582259356918039445504.0000000000
8.6380952381 146631826479802742209009648993967376695296.0000000000
8.6476190476 146753141203594993761894817390172959670272.0000000000
8.6571428571 146874465701662576848487692959943548207104.0000000000
8.6666666667 146995799937637521108419739996094214438912.0000000000
8.6761904762 147117143875331976457038445621437853073408.0000000000
8.6857142857 147238497478737226601938514251378621153280.0000000000
8.6952380952 147359860712022489788548809881770629529600.0000000000
8.7047619048 147481233539533854945411095215244201426944.0000000000
8.7142857143 147602615925793333886337453791932902801408.0000000000
8.7238095238 147724007835497507313492321604797871423488.0000000000
8.7333333333 147845409233516596362363023064421642534912.0000000000
8.7428571429 147966820084893476118290965461601588609024.0000000000
8.7523809524 148088240354842534390497922757408996720640.0000000000
8.7619047619 148209670008748414429233636368847374123008.0000000000
8.7714285714 148331109012165357270129944810581408088064.0000000000
8.7809523810 148452557330816137879479522821263224471552.0000000000
8.7904761905 148574014930590401672308091633787992014848.0000000000
8.8000000000 148695481777544838597692443481895080034304.0000000000
8.8095238095 148816957837900552516176960167083897782272.0000000000
8.8190476190 148938443078043892940737507923486092296192.0000000000
8.8285714286 149059937464523805071384842150714592460800.0000000000
8.8380952381 149181440964051965194856404252331176099840.0000000000
8.8476190476 149302953543501407344885239417104003760128.0000000000
8.8571428571 149424475169905091934029572898064766599168.0000000000
8.8666666667 149546005810455983124925265348775867580416.0000000000
8.8761904762 149667545432505075863348201748517300994048.0000000000
8.8857142857 149789094003561067050391356223151132377088.0000000000
8.8952380952 149910651491288827460228799153844669906944.0000000000
8.9047619048 150032217863509150283545217334202125516800.0000000000
8.9142857143 150153793088197629244375311594390487564288.0000000000
8.9238095238 150275377133483111175054690075795896926208.0000000000
8.9333333333 150396969967647521930901843724422489309184.0000000000
8.9428571429 150518571559124783192683771583151858515968.0000000000
8.9523809524 150640181876499516498137353909267771424768.0000000000
8.9619047619 150761800888506733756959530829387443208192.0000000000
8.9714285714 150883428564030463911076220120719071117312.0000000000
8.9809523810 151005064872102824479612853175855660138496.0000000000
8.9904761905 151126709781903886159202578164307455901696.0000000000
9.0000000000 151248363262759699857048648957688824201216.0000000000
9.0095238095 151370025284142432090616221968185818087424.0000000000
9.0190476190 151491695815668701505704566418811782168576.0000000000
9.0285714286 151613374827099327419876584500539013726208.0000000000
9.0380952381 151735062288338188596485095162357840084992.0000000000
9.0476190476 151856758169431178732764687071669672476672.0000000000
9.0571428571 151978462440565877632008783435151485960192.0000000000
9.0666666667 152100175072070332606343470452547715596288.0000000000
9.0761904762 152221896034412458849520968460599602184192.0000000000
9.0857142857 152343625298198820839693460386837088436224.0000000000
9.0952380952 152465362834174322854403270404510094196736.0000000000
9.1047619048 152587108613221222487114058395181956202496.0000000000
9.1142857143 152708862606358144163742014411322867843072.0000000000
9.1238095238 152830624784739402144196874483972043702272.0000000000
9.1333333333 152952395119654323523922936430399884099584.0000000000
9.1428571429 153074173582526107007925343644167052460032.0000000000
9.1523809524 153195960144911745539517629758857294118912.0000000000
9.1619047619 153317754778500382161207042752399835922432.0000000000
9.1714285714 153439557455113135929376520440468228538368.0000000000
9.1809523810 153561368146701844631432291262138652033024.0000000000
9.1904761905 153683186825349103471430101948023506468864.0000000000
9.2000000000 153805013463266756330652338463061378596864.0000000000
9.2095238095 153926848032795354168840838652646773489664.0000000000
9.2190476190 154048690506403536054177249552492664979456.0000000000
9.2285714286 154170540856687255450758474025958683705344.0000000000
9.2380952381 154292399056368813077940979060711352172544.0000000000
9.2476190476 154414265078296489396891632921454974074880.0000000000
9.2571428571 154536138895443712869623810285059436445696.0000000000
9.2666666667 154658020480908092818341700537220444717056.0000000000
9.2761904762 154779909807910858483860006584522459054080.0000000000
9.2857142857 154901806849796414140902326670902402482176.0000000000
9.2952380952 155023711580031255900566779669909124153344.0000000000
9.3047619048 155145623972203314054680134726432359186432.0000000000
9.3142857143 155267544000021643590787989911634003886080.0000000000
9.3238095238 155389471637315186252115486842673216618496.0000000000
9.3333333333 155511406858032577109436172342038464823296.0000000000
9.3428571429 155633349636240713192901574716604672901120.0000000000
9.3523809524 155755299946125314433621504945570285879296.0000000000
9.3619047619 155877257761989105439231356278178511323136.0000000000
9.3714285714 155999223058251680094200307395249752244224.0000000000
9.3809523810 156121195809448727847306769046509795147776.0000000000
9.3904761905 156243175990231472770058082862652746366976.0000000000
9.4000000000 156365163575365590359156146647600495329280.0000000000
9.4095238095 156487158539731478335881008055437848739840.0000000000
9.4190476190 156609160858322496450097505690334158389248.0000000000
9.4285714286 156731170506245275965265090451612045934592.0000000000
9.4380952381 156853187458718288290267401812804550787072.0000000000
9.4476190476 156975211691071999721917178494189492502528.0000000000
9.4571428571 157097243178747304677094037903379051577344.0000000000
9.4666666667 157219281897296047948698549655123242516480.0000000000
9.4761904762 157341327822379380566537559675632313434112.0000000000
9.4857142857 157463380929767837168576645538843927248896.0000000000
9.4952380952 157585441195340291489031969426816215547904.0000000000
9.5047619048 157707508595083395416789976941790714920960.0000000000
9.5142857143 157829583105091404910089372599591209271296.0000000000
9.5238095238 157951664701564748628350696108680877703168.0000000000
