0.7619047619 -139585155360382.7500000000
0.7714285714 -151283488137915.3437500000
0.7809523810 -164068127892838.8750000000
0.7904761905 -178096362156900.1562500000
0.8000000000 -193557383415719.6250000000
0.8095238095 -210680810953147.4375000000
0.8190476190 -229748098275404.4687500000
0.8285714286 -251108034227907.1562500000
0.8380952381 -275198160752503.4375000000
0.8476190476 -302574920998104.3125000000
0.8571428571 -333956992205033.7500000000
0.8666666667 -370289059413070.8125000000
0.8761904762 -412838239184413.6875000000
0.8857142857 -463344474284216.8125000000
0.8952380952 -524263769242973.5000000000
0.9047619048 -599178799200966.5000000000
0.9142857143 -693528664963586.1250000000
0.9238095238 -815990262371009.2500000000
0.9333333333 -981308764098336.0000000000
0.9428571429 -1216726543434186.2500000000
0.9523809524 -1578782689859555.7500000000
0.9619047619 -2207176926710800.5000000000
0.9714285714 -3566584220262918.5000000000
0.9809523810 -8704957315404542.0000000000
0.9904761905 22796207578775352.0000000000
1.0000000000 5095707173010275.0000000000
1.0095238095 2918726835141758.0000000000
1.0190476190 2069036317205091.0000000000
1.0285714286 1616398309504391.0000000000
1.0380952381 1335235635323626.5000000000
1.0476190476 1143639688748427.2500000000
1.0571428571 1004703576996587.0000000000
1.0666666667 899348773755090.7500000000
1.0761904762 816719823184844.2500000000
1.0857142857 750184981801717.3750000000
1.0952380952 695464086513777.0000000000
1.1047619048 649671108781389.2500000000
1.1142857143 610789273839936.3750000000
1.1238095238 577366710530947.7500000000
1.1333333333 548331606546694.7500000000
1.1428571429 522875486236325.3750000000
1.1523809524 500377015807478.6250000000
1.1619047619 480350817094141.6250000000
1.1714285714 462412210246841.8750000000
1.1809523810 446252387328691.6250000000
1.1904761905 431620585676899.0000000000
1.2000000000 418311061869720.8750000000
1.2095238095 406153422848083.1250000000
1.2190476190 395005346333108.5000000000
1.2285714286 384747028959317.2500000000
1.2380952381 375276901933794.5000000000
1.2476190476 366508288982212.2500000000
1.2571428571 358366773346403.0000000000
1.2666666667 350788104322625.8125000000
1.2761904762 343716518613837.7500000000
1.2857142857 337103383668191.6250000000
1.2952380952 330906093181292.8750000000
1.3047619048 325087161723733.8750000000
1.3142857143 319613477832969.0000000000
1.3238095238 314455684128620.6250000000
1.3333333333 309587659943173.2500000000
1.3428571429 304986087219169.0000000000
1.3523809524 300630084446727.1250000000
1.3619047619 296500896516228.1875000000
1.3714285714 292581630769144.3750000000
1.3809523810 288857031413120.7500000000
1.3904761905 285313285949686.0625000000
1.4000000000 281937858437004.2500000000
1.4095238095 278719345345500.0937500000
1.4190476190 275647350513685.1875000000
1.4285714286 272712376315239.0625000000
1.4380952381 269905728637237.1875000000
1.4476190476 267219433667093.6250000000
1.4571428571 264646164810862.6250000000
1.4666666667 262179178332424.5625000000
1.4761904762 259812256523114.0625000000
1.4857142857 257539657393520.0937500000
1.4952380952 255356070030570.9375000000
1.5047619048 253256574889311.5000000000
1.5142857143 251236608394507.9375000000
1.5238095238 249291931316034.9375000000
1.5333333333 247418600456869.7187500000
1.5428571429 245612943255816.9375000000
1.5523809524 243871534960789.9375000000
1.5619047619 242191178074138.7500000000
1.5714285714 240568883810498.3437500000
1.5809523810 239001855340955.0625000000
1.5904761905 237487472625935.5000000000
1.6000000000 236023278663805.4687500000
1.6095238095 234606967003376.6875000000
1.6190476190 233236370386835.5000000000
1.6285714286 231909450405481.8437500000
1.6380952381 230624288064449.7500000000
1.6476190476 229379075164562.9375000000
1.6571428571 228172106419942.4062500000
1.6666666667 227001772239109.0312500000
1.6761904762 225866552105327.1250000000
1.6857142857 224765008498947.0625000000
1.6952380952 223695781310669.8750000000
1.7047619048 222657582700085.0625000000
1.7142857143 221649192358621.6250000000
1.7238095238 220669453140279.0937500000
1.7333333333 219717267027253.0000000000
1.7428571429 218791591400883.4062500000
1.7523809524 217891435591305.9062500000
1.7619047619 217015857681801.7187500000
1.7714285714 216163961546178.7187500000
1.7809523810 215334894099596.6875000000
1.7904761905 214527842745107.8125000000
1.8000000000 213742032999850.3750000000
1.8095238095 212976726286315.8125000000
1.8190476190 212231217875455.0937500000
1.8285714286 211504834969581.2187500000
1.8380952381 210796934914107.6875000000
1.8476190476 210106903528135.0312500000
1.8571428571 209434153544770.0625000000
1.8666666667 208778123152853.3750000000
1.8761904762 208138274632487.3750000000
1.8857142857 207514093077398.7500000000
1.8952380952 206905085197755.0625000000
1.9047619048 206310778197589.4375000000
1.9142857143 205730718721461.0937500000
1.9238095238 205164471865422.3125000000
1.9333333333 204611620247758.3750000000
1.9428571429 204071763135325.3750000000
1.9523809524 203544515621646.9687500000
1.9619047619 203029507853224.3750000000
1.9714285714 202526384300794.1562500000
1.9809523810 202034803072515.1875000000
1.9904761905 201554435266297.3750000000
2.0000000000 201084964358695.6250000000
2.0095238095 200626085627979.5937500000
2.0190476190 200177505609174.1875000000
2.0285714286 199738941579020.0000000000
2.0380952381 199310121068954.5000000000
2.0476190476 198890781404354.0000000000
2.0571428571 198480669268396.1250000000
2.0666666667 198079540289023.0000000000
2.0761904762 197687158647589.6875000000
2.0857142857 197303296707882.1250000000
2.0952380952 196927734664276.2500000000
2.1047619048 196560260207898.0625000000
2.1142857143 196200668209718.0937500000
2.1238095238 195848760419586.2500000000
2.1333333333 195504345180280.7500000000
2.1428571429 195167237155702.5625000000
2.1523809524 194837257072407.7500000000
2.1619047619 194514231473718.6250000000
2.1714285714 194197992485705.8125000000
2.1809523810 193888377594378.7187500000
2.1904761905 193585229433461.5625000000
2.2000000000 193288395582174.3750000000
2.2095238095 192997728372471.8750000000
2.2190476190 192713084705228.4687500000
2.2285714286 192434325874889.1250000000
2.2380952381 192161317402133.9375000000
2.2476190476 191893928874133.0000000000
2.2571428571 191632033791992.6250000000
2.2666666667 191375509425017.8125000000
2.2761904762 191124236671439.0312500000
2.2857142857 190878099925270.1562500000
2.2952380952 190636986948985.6250000000
2.3047619048 190400788751722.9375000000
2.3142857143 190169399472730.9687500000
2.3238095238 189942716269803.6250000000
2.3333333333 189720639212452.3125000000
2.3428571429 189503071179582.3125000000
2.3523809524 189289917761454.7187500000
2.3619047619 189081087165725.0937500000
2.3714285714 188876490127362.8750000000
2.3809523810 188676039822265.1875000000
2.3904761905 188479651784390.7500000000
2.4000000000 188287243826245.6250000000
2.4095238095 188098735962566.0937500000
2.4190476190 187914050337047.8750000000
2.4285714286 187733111151981.2500000000
2.4380952381 187555844600659.2187500000
2.4476190476 187382178802430.9375000000
2.4571428571 187212043740280.9375000000
2.4666666667 187045371200820.8750000000
2.4761904762 186882094716584.2812500000
2.4857142857 186722149510523.4375000000
2.4952380952 186565472442609.8125000000
2.5047619048 186412001958445.9375000000
2.5142857143 186261678039801.3437500000
2.5238095238 186114442156988.5000000000
2.5333333333 185970237222999.5937500000
2.5428571429 185829007549328.2500000000
2.5523809524 185690698803405.4062500000
2.5619047619 185555257967579.8750000000
2.5714285714 185422633299579.2500000000
2.5809523810 185292774294389.0625000000
2.5904761905 185165631647490.6250000000
2.6000000000 185041157219402.8125000000
2.6095238095 184919304001472.1250000000
2.6190476190 184800026082862.0937500000
2.6285714286 184683278618691.7812500000
2.6380952381 184569017799277.6250000000
2.6476190476 184457200820434.6875000000
2.6571428571 184347785854793.3750000000
2.6666666667 184240732024093.8750000000
2.6761904762 184135999372417.0625000000
2.6857142857 184033548840316.9375000000
2.6952380952 183933342239818.9687500000
2.7047619048 183835342230249.6875000000
2.7142857143 183739512294867.1875000000
2.7238095238 183645816718260.4687500000
2.7333333333 183554220564488.3125000000
2.7428571429 183464689655930.6875000000
2.7523809524 183377190552824.3125000000
2.7619047619 183291690533457.9062500000
2.7714285714 183208157575001.3750000000
2.7809523810 183126560334946.6250000000
2.7904761905 183046868133136.0625000000
2.8000000000 182969050934357.7500000000
2.8095238095 182893079331487.5937500000
2.8190476190 182818924529155.7500000000
2.8285714286 182746558327921.7812500000
2.8380952381 182675953108937.5625000000
2.8476190476 182607081819081.5937500000
2.8571428571 182539917956548.0625000000
2.8666666667 182474435556873.7187500000
2.8761904762 182410609179387.9375000000
2.8857142857 182348413894070.6875000000
2.8952380952 182287825268804.0000000000
2.9047619048 182228819357003.5625000000
2.9142857143 182171372685617.5000000000
2.9238095238 182115462243478.8750000000
2.9333333333 182061065470000.5000000000
2.9428571429 182008160244200.4062500000
2.9523809524 181956724874046.1875000000
2.9619047619 181906738086107.7500000000
2.9714285714 181858179015508.7500000000
2.9809523810 181811027196165.3437500000
2.9904761905 181765262551303.6562500000
3.0000000000 181720865384247.1875000000
3.0095238095 181677816369463.6875000000
3.0190476190 181636096543864.3750000000
3.0285714286 181595687298346.7500000000
3.0380952381 181556570369573.1875000000
3.0476190476 181518727831977.3750000000
3.0571428571 181482142089991.5625000000
3.0666666667 181446795870487.6562500000
3.0761904762 181412672215424.8750000000
3.0857142857 181379754474697.9375000000
3.0952380952 181348026299178.8437500000
3.1047619048 181317471633946.9375000000
3.1142857143 181288074711700.1250000000
3.1238095238 181259820046343.4375000000
3.1333333333 181232692426747.4687500000
3.1428571429 181206676910672.3750000000
3.1523809524 181181758818853.0625000000
3.1619047619 181157923729238.7812500000
3.1714285714 181135157471384.2500000000
3.1809523810 181113446120986.4687500000
3.1904761905 181092775994563.4687500000
3.2000000000 181073133644270.6875000000
3.2095238095 181054505852850.1250000000
3.2190476190 181036879628709.2187500000
3.2285714286 181020242201125.5000000000
3.2380952381 181004581015572.2500000000
3.2476190476 180989883729163.2187500000
3.2571428571 180976138206211.3125000000
3.2666666667 180963332513899.0625000000
3.2761904762 180951454918057.3750000000
3.2857142857 180940493879048.3125000000
3.2952380952 180930438047751.4375000000
3.3047619048 180921276261647.2187500000
3.3142857143 180912997540998.5312500000
3.3238095238 180905591085124.0625000000
3.3333333333 180899046268763.3750000000
3.3428571429 180893352638529.9062500000
3.3523809524 180888499909449.5625000000
3.3619047619 180884477961582.7500000000
3.3714285714 180881276836727.5937500000
3.3809523810 180878886735201.4375000000
3.3904761905 180877298012699.2500000000
3.4000000000 180876501177226.1250000000
3.4095238095 180876486886102.8125000000
3.4190476190 180877245943040.4375000000
3.4285714286 180878769295285.2500000000
3.4380952381 180881048030828.6250000000
3.4476190476 180884073375682.5625000000
3.4571428571 180887836691218.1875000000
3.4666666667 180892329471565.1250000000
3.4761904762 180897543341071.5625000000
3.4857142857 180903470051821.2187500000
3.4952380952 180910101481207.9375000000
3.5047619048 180917429629564.6250000000
3.5142857143 180925446617846.1875000000
3.5238095238 180934144685364.8125000000
3.5333333333 180943516187575.4687500000
3.5428571429 180953553593911.5000000000
3.5523809524 180964249485668.4375000000
3.5619047619 180975596553934.4375000000
3.5714285714 180987587597566.5937500000
3.5809523810 181000215521212.3750000000
3.5904761905 181013473333373.3750000000
3.6000000000 181027354144512.9375000000
3.6095238095 181041851165203.1875000000
3.6190476190 181056957704314.3750000000
3.6285714286 181072667167241.5000000000
3.6380952381 181088973054170.4375000000
3.6476190476 181105868958380.8125000000
3.6571428571 181123348564585.1875000000
3.6666666667 181141405647303.6250000000
3.6761904762 181160034069273.6250000000
3.6857142857 181179227779891.9687500000
3.6952380952 181198980813691.5000000000
3.7047619048 181219287288848.5000000000
3.7142857143 181240141405721.9375000000
3.7238095238 181261537445422.8750000000
3.7333333333 181283469768414.5000000000
3.7428571429 181305932813139.8750000000
3.7523809524 181328921094679.3125000000
3.7619047619 181352429203434.2500000000
3.7714285714 181376451803839.5312500000
3.7809523810 181400983633100.5000000000
3.7904761905 181426019499957.0625000000
3.8000000000 181451554283472.2187500000
3.8095238095 181477582931845.1875000000
3.8190476190 181504100461248.8125000000
3.8285714286 181531101954690.0312500000
3.8380952381 181558582560893.3125000000
3.8476190476 181586537493206.3125000000
3.8571428571 181614962028527.5937500000
3.8666666667 181643851506255.1875000000
3.8761904762 181673201327256.3125000000
3.8857142857 181703006952857.4375000000
3.8952380952 181733263903853.7500000000
3.9047619048 181763967759538.7187500000
3.9142857143 181795114156751.8750000000
3.9238095238 181826698788945.6250000000
3.9333333333 181858717405270.0000000000
3.9428571429 181891165809675.2500000000
3.9523809524 181924039860031.3750000000
3.9619047619 181957335467264.8125000000
3.9714285714 181991048594512.0000000000
3.9809523810 182025175256288.2500000000
3.9904761905 182059711517673.3125000000
4.0000000000 182094653493511.8750000000
4.0095238095 182129997347629.2187500000
4.0190476190 182165739292062.0000000000
4.0285714286 182201875586303.0625000000
4.0380952381 182238402536560.7187500000
4.0476190476 182275316495031.5000000000
4.0571428571 182312613859186.9375000000
4.0666666667 182350291071073.1875000000
4.0761904762 182388344616623.7812500000
4.0857142857 182426771024984.9375000000
4.0952380952 182465566867853.6250000000
4.1047619048 182504728758827.0000000000
4.1142857143 182544253352764.7812500000
4.1238095238 182584137345162.3437500000
4.1333333333 182624377471535.5937500000
4.1428571429 182664970506817.1250000000
4.1523809524 182705913264762.8750000000
4.1619047619 182747202597369.7500000000
4.1714285714 182788835394303.7500000000
4.1809523810 182830808582338.0000000000
4.1904761905 182873119124801.3125000000
4.2000000000 182915764021035.9375000000
4.2095238095 182958740305865.5000000000
4.2190476190 183002045049072.0625000000
4.2285714286 183045675354882.3750000000
4.2380952381 183089628361463.2500000000
4.2476190476 183133901240425.8750000000
4.2571428571 183178491196338.6250000000
4.2666666667 183223395466248.2500000000
4.2761904762 183268611319209.9375000000
4.2857142857 183314136055824.8750000000
4.2952380952 183359967007785.9375000000
4.3047619048 183406101537431.6562500000
4.3142857143 183452537037307.3125000000
4.3238095238 183499270929733.8125000000
4.3333333333 183546300666383.9375000000
4.3428571429 183593623727865.5625000000
4.3523809524 183641237623312.1875000000
4.3619047619 183689139889980.6562500000
4.3714285714 183737328092855.0000000000
4.3809523810 183785799824257.2812500000
4.3904761905 183834552703465.5000000000
4.4000000000 183883584376336.6875000000
4.4095238095 183932892514937.7500000000
4.4190476190 183982474817181.2812500000
4.4285714286 184032329006467.8125000000
4.4380952381 184082452831334.3125000000
4.4476190476 184132844065108.1250000000
4.4571428571 184183500505566.6250000000
4.4666666667 184234419974602.6875000000
4.4761904762 184285600317895.2812500000
4.4857142857 184337039404585.9062500000
4.4952380952 184388735126959.8125000000
4.5047619048 184440685400132.8750000000
4.5142857143 184492888161743.0937500000
4.5238095238 184545341371647.4375000000
4.5333333333 184598043011623.2812500000
4.5428571429 184650991085075.0000000000
4.5523809524 184704183616744.7500000000
4.5619047619 184757618652428.5625000000
4.5714285714 184811294258696.2500000000
4.5809523810 184865208522616.2500000000
4.5904761905 184919359551484.6250000000
4.6000000000 184973745472558.5937500000
4.6095238095 185028364432793.6562500000
4.6190476190 185083214598585.7500000000
4.6285714286 185138294155516.5625000000
4.6380952381 185193601308103.6875000000
4.6476190476 185249134279553.8125000000
4.6571428571 185304891311520.6250000000
4.6666666667 185360870663865.4375000000
4.6761904762 185417070614422.7500000000
4.6857142857 185473489458768.3125000000
4.6952380952 185530125509991.6562500000
4.7047619048 185586977098471.4687500000
4.7142857143 185644042571654.5625000000
4.7238095238 185701320293838.6875000000
4.7333333333 185758808645958.0625000000
4.7428571429 185816506025372.2500000000
4.7523809524 185874410845658.7500000000
4.7619047619 185932521536408.1250000000
4.7714285714 185990836543022.5000000000
4.7809523810 186049354326517.1250000000
4.7904761905 186108073363324.9062500000
4.8000000000 186166992145103.6875000000
4.8095238095 186226109178546.4375000000
4.8190476190 186285422985194.8125000000
4.8285714286 186344932101254.7187500000
4.8380952381 186404635077414.7812500000
4.8476190476 186464530478668.3125000000
4.8571428571 186524616884136.4375000000
4.8666666667 186584892886895.3750000000
4.8761904762 186645357093805.1250000000
4.8857142857 186706008125341.2812500000
4.8952380952 186766844615428.8125000000
4.9047619048 186827865211279.0000000000
4.9142857143 186889068573227.8125000000
4.9238095238 186950453374577.5625000000
4.9333333333 187012018301440.1562500000
4.9428571429 187073762052582.9375000000
4.9523809524 187135683339276.6250000000
4.9619047619 187197780885145.5000000000
4.9714285714 187260053426020.0000000000
4.9809523810 187322499709790.6875000000
4.9904761905 187385118496265.1250000000
5.0000000000 187447908557026.3125000000
5.0095238095 187510868675293.2812500000
5.0190476190 187573997645783.6875000000
5.0285714286 187637294274578.1250000000
5.0380952381 187700757378986.8437500000
5.0476190476 187764385787417.7187500000
5.0571428571 187828178339246.5625000000
5.0666666667 187892133884689.1250000000
5.0761904762 187956251284674.5000000000
5.0857142857 188020529410721.1875000000
5.0952380952 188084967144813.8750000000
5.1047619048 188149563379282.5625000000
5.1142857143 188214317016683.0000000000
5.1238095238 188279226969679.3437500000
5.1333333333 188344292160927.5625000000
5.1428571429 188409511522961.4375000000
5.1523809524 188474883998079.0000000000
5.1619047619 188540408538231.7812500000
5.1714285714 188606084104914.3750000000
5.1809523810 188671909669056.5000000000
5.1904761905 188737884210915.9375000000
5.2000000000 188804006719972.8125000000
5.2095238095 188870276194826.1250000000
5.2190476190 188936691643090.5937500000
5.2285714286 189003252081295.6875000000
5.2380952381 189069956534785.7500000000
5.2476190476 189136804037621.2500000000
5.2571428571 189203793632481.9375000000
5.2666666667 189270924370570.5625000000
5.2761904762 189338195311518.4375000000
5.2857142857 189405605523291.9062500000
5.2952380952 189473154082100.4687500000
5.3047619048 189540840072305.3125000000
5.3142857143 189608662586330.4062500000
5.3238095238 189676620724573.0937500000
5.3333333333 189744713595317.3750000000
5.3428571429 189812940314647.2500000000
5.3523809524 189881300006361.9375000000
5.3619047619 189949791801891.6562500000
5.3714285714 190018414840214.6875000000
5.3809523810 190087168267775.9375000000
5.3904761905 190156051238405.6562500000
5.4000000000 190225062913240.0937500000
5.4095238095 190294202460642.7812500000
5.4190476190 190363469056126.7187500000
5.4285714286 190432861882277.8125000000
5.4380952381 190502380128679.1875000000
5.4476190476 190572022991836.4062500000
5.4571428571 190641789675103.7812500000
5.4666666667 190711679388611.6250000000
5.4761904762 190781691349194.1875000000
5.4857142857 190851824780318.7500000000
5.4952380952 190922078912015.7500000000
5.5047619048 190992452980809.1562500000
5.5142857143 191062946229648.7500000000
5.5238095238 191133557907841.8750000000
5.5333333333 191204287270987.8750000000
5.5428571429 191275133580911.1875000000
5.5523809524 191346096105597.2500000000
5.5619047619 191417174119127.9062500000
5.5714285714 191488366901618.4375000000
5.5809523810 191559673739154.5625000000
5.5904761905 191631093923731.0312500000
5.6000000000 191702626753190.5000000000
5.6095238095 191774271531163.1250000000
5.6190476190 191846027567007.4062500000
5.6285714286 191917894175751.0000000000
5.6380952381 191989870678033.0312500000
5.6476190476 192061956400046.3750000000
5.6571428571 192134150673481.5312500000
5.6666666667 192206452835470.1250000000
5.6761904762 192278862228529.8437500000
5.6857142857 192351378200510.1250000000
5.6952380952 192424000104537.8125000000
5.7047619048 192496727298964.0625000000
5.7142857143 192569559147311.7187500000
5.7238095238 192642495018223.3125000000
5.7333333333 192715534285409.5937500000
5.7428571429 192788676327598.8750000000
5.7523809524 192861920528486.9375000000
5.7619047619 192935266276687.3125000000
5.7714285714 193008712965682.4375000000
5.7809523810 193082259993775.2500000000
5.7904761905 193155906764041.4375000000
5.8000000000 193229652684282.0000000000
5.8095238095 193303497166977.2500000000
5.8190476190 193377439629239.5625000000
5.8285714286 193451479492768.9062500000
5.8380952381 193525616183807.1250000000
5.8476190476 193599849133093.7500000000
5.8571428571 193674177775821.8437500000
5.8666666667 193748601551594.7500000000
5.8761904762 193823119904382.7187500000
5.8857142857 193897732282481.0937500000
5.8952380952 193972438138467.5625000000
5.9047619048 194047236929161.3750000000
5.9142857143 194122128115582.0625000000
5.9238095238 194197111162908.7812500000
5.9333333333 194272185540440.3750000000
5.9428571429 194347350721555.9375000000
5.9523809524 194422606183675.5312500000
5.9619047619 194497951408221.3437500000
5.9714285714 194573385880579.7812500000
5.9809523810 194648909090063.4375000000
5.9904761905 194724520529873.9062500000
6.0000000000 194800219697064.3750000000
6.0095238095 194876006092503.8750000000
6.0190476190 194951879220840.3125000000
6.0285714286 195027838590465.5000000000
6.0380952381 195103883713479.3125000000
6.0476190476 195180014105655.1250000000
6.0571428571 195256229286405.1875000000
6.0666666667 195332528778746.5937500000
6.0761904762 195408912109267.3125000000
6.0857142857 195485378808092.9375000000
6.0952380952 195561928408854.1250000000
6.1047619048 195638560448653.1875000000
6.1142857143 195715274468032.4375000000
6.1238095238 195792070010942.0937500000
6.1333333333 195868946624708.8750000000
6.1428571429 195945903860004.5000000000
6.1523809524 196022941270815.2812500000
6.1619047619 196100058414411.0937500000
6.1714285714 196177254851315.8750000000
6.1809523810 196254530145277.0625000000
6.1904761905 196331883863236.6250000000
6.2000000000 196409315575301.7500000000
6.2095238095 196486824854715.6875000000
6.2190476190 196564411277829.6875000000
6.2285714286 196642074424074.4375000000
6.2380952381 196719813875932.1250000000
6.2476190476 196797629218909.0312500000
6.2571428571 196875520041507.8750000000
6.2666666667 196953485935201.0937500000
6.2761904762 197031526494403.9687500000
6.2857142857 197109641316448.2500000000
6.2952380952 197187830001555.8125000000
6.3047619048 197266092152812.9062500000
6.3142857143 197344427376144.5625000000
6.3238095238 197422835280289.1875000000
6.3333333333 197501315476773.5625000000
6.3428571429 197579867579888.1875000000
6.3523809524 197658491206662.0937500000
6.3619047619 197737185976839.6875000000
6.3714285714 197815951512855.6875000000
6.3809523810 197894787439811.9375000000
6.3904761905 197973693385453.7812500000
6.4000000000 198052668980146.6875000000
6.4095238095 198131713856853.5312500000
6.4190476190 198210827651111.3437500000
6.4285714286 198290010001009.1875000000
6.4380952381 198369260547165.8125000000
6.4476190476 198448578932707.3750000000
6.4571428571 198527964803245.9062500000
6.4666666667 198607417806857.3437500000
6.4761904762 198686937594060.4375000000
6.4857142857 198766523817795.6875000000
6.4952380952 198846176133403.7812500000
6.5047619048 198925894198605.8125000000
6.5142857143 199005677673481.8750000000
6.5238095238 199085526220451.5937500000
6.5333333333 199165439504253.1875000000
6.5428571429 199245417191924.3125000000
6.5523809524 199325458952782.0000000000
6.5619047619 199405564458403.1875000000
6.5714285714 199485733382605.6562500000
6.5809523810 199565965401428.8437500000
6.5904761905 199646260193114.8437500000
6.6000000000 199726617438089.9687500000
6.6095238095 199807036818945.9375000000
6.6190476190 199887518020421.8750000000
6.6285714286 199968060729385.8437500000
6.6380952381 200048664634817.4375000000
6.6476190476 200129329427789.2500000000
6.6571428571 200210054801450.1250000000
6.6666666667 200290840451006.9687500000
6.6761904762 200371686073708.1875000000
6.6857142857 200452591368826.1250000000
6.6952380952 200533556037640.5625000000
6.7047619048 200614579783421.7500000000
6.7142857143 200695662311413.8750000000
6.7238095238 200776803328818.6875000000
6.7333333333 200858002544779.4375000000
6.7428571429 200939259670364.6875000000
6.7523809524 201020574418552.1562500000
6.7619047619 201101946504213.6875000000
6.7714285714 201183375644098.6250000000
6.7809523810 201264861556819.3750000000
6.7904761905 201346403962835.5625000000
6.8000000000 201428002584438.9375000000
6.8095238095 201509657145738.5625000000
6.8190476190 201591367372645.9062500000
6.8285714286 201673132992859.9375000000
6.8380952381 201754953735853.1250000000
6.8476190476 201836829332856.2812500000
6.8571428571 201918759516844.8750000000
6.8666666667 202000744022524.6250000000
6.8761904762 202082782586317.7500000000
6.8857142857 202164874946348.6875000000
6.8952380952 202247020842430.8750000000
6.9047619048 202329220016052.8125000000
6.9142857143 202411472210364.5625000000
6.9238095238 202493777170164.8750000000
6.9333333333 202576134641887.3437500000
6.9428571429 202658544373587.8750000000
6.9523809524 202741006114931.5000000000
6.9619047619 202823519617179.5312500000
6.9714285714 202906084633176.7500000000
6.9809523810 202988700917339.2187500000
6.9904761905 203071368225641.5000000000
7.0000000000 203154086315604.1875000000
7.0095238095 203236854946282.2500000000
7.0190476190 203319673878252.1250000000
7.0285714286 203402542873600.4375000000
7.0380952381 203485461695911.6875000000
7.0476190476 203568430110256.6875000000
7.0571428571 203651447883180.6250000000
7.0666666667 203734514782692.0312500000
7.0761904762 203817630578250.8125000000
7.0857142857 203900795040757.1250000000
7.0952380952 203984007942540.1250000000
7.1047619048 204067269057347.0000000000
7.1142857143 204150578160331.5625000000
7.1238095238 204233935028043.8750000000
7.1333333333 204317339438418.8750000000
7.1428571429 204400791170766.0937500000
7.1523809524 204484290005758.8125000000
7.1619047619 204567835725423.4375000000
7.1714285714 204651428113129.5312500000
7.1809523810 204735066953579.0000000000
7.1904761905 204818752032796.0625000000
7.2000000000 204902483138117.1250000000
7.2095238095 204986260058180.7812500000
7.2190476190 205070082582917.7500000000
7.2285714286 205153950503541.0625000000
7.2380952381 205237863612536.2812500000
7.2476190476 205321821703651.9375000000
7.2571428571 205405824571889.6875000000
7.2666666667 205489872013495.0625000000
7.2761904762 205573963825947.8437500000
7.2857142857 205658099807953.0312500000
7.2952380952 205742279759431.1875000000
7.3047619048 205826503481509.5625000000
7.3142857143 205910770776512.8750000000
7.3238095238 205995081447954.4687500000
7.3333333333 206079435300527.2500000000
7.3428571429 206163832140094.9375000000
7.3523809524 206248271773683.0000000000
7.3619047619 206332754009470.5937500000
7.3714285714 206417278656781.3750000000
7.3809523810 206501845526075.1875000000
7.3904761905 206586454428939.8125000000
7.4000000000 206671105178082.1250000000
7.4095238095 206755797587320.2187500000
7.4190476190 206840531471575.1250000000
7.4285714286 206925306646862.4375000000
7.4380952381 207010122930284.2500000000
7.4476190476 207094980140021.5000000000
7.4571428571 207179878095325.6562500000
7.4666666667 207264816616511.0000000000
7.4761904762 207349795524946.6875000000
7.4857142857 207434814643049.2500000000
7.4952380952 207519873794274.8750000000
7.5047619048 207604972803111.5625000000
7.5142857143 207690111495071.9687500000
7.5238095238 207775289696685.5312500000
7.5333333333 207860507235491.5625000000
7.5428571429 207945763940031.5625000000
7.5523809524 208031059639841.6875000000
7.5619047619 208116394165446.5000000000
7.5714285714 208201767348350.6875000000
7.5809523810 208287179021032.8125000000
7.5904761905 208372629016937.7500000000
7.6000000000 208458117170470.2500000000
7.6095238095 208543643316987.4375000000
7.6190476190 208629207292792.4375000000
7.6285714286 208714808935127.4375000000
7.6380952381 208800448082166.9375000000
7.6476190476 208886124573011.1562500000
7.6571428571 208971838247679.2500000000
7.6666666667 209057588947102.9375000000
7.6761904762 209143376513120.0000000000
7.6857142857 209229200788467.7500000000
7.6952380952 209315061616776.6875000000
7.7047619048 209400958842564.0625000000
7.7142857143 209486892311227.9375000000
7.7238095238 209572861869040.5000000000
7.7333333333 209658867363142.1875000000
7.7428571429 209744908641535.5312500000
7.7523809524 209830985553078.9375000000
7.7619047619 209917097947480.9687500000
7.7714285714 210003245675293.8750000000
7.7809523810 210089428587908.3750000000
7.7904761905 210175646537547.1250000000
7.8000000000 210261899377259.3437500000
7.8095238095 210348186960914.7187500000
7.8190476190 210434509143198.0625000000
7.8285714286 210520865779603.2500000000
7.8380952381 210607256726427.8750000000
7.8476190476 210693681840767.5000000000
7.8571428571 210780140980510.1875000000
7.8666666667 210866634004331.0625000000
7.8761904762 210953160771686.9375000000
7.8857142857 211039721142810.5000000000
7.8952380952 211126314978705.5000000000
7.9047619048 211212942141141.2500000000
7.9142857143 211299602492647.1875000000
7.9238095238 211386295896507.8125000000
7.9333333333 211473022216757.5000000000
7.9428571429 211559781318175.4375000000
7.9523809524 211646573066280.3750000000
7.9619047619 211733397327325.6562500000
7.9714285714 211820253968294.2500000000
7.9809523810 211907142856893.5625000000
7.9904761905 211994063861551.0000000000
8.0000000000 212081016851408.4375000000
8.0095238095 212168001696317.9375000000
8.0190476190 212255018266836.6250000000
8.0285714286 212342066434221.8750000000
8.0380952381 212429146070427.0000000000
8.0476190476 212516257048096.0000000000
8.0571428571 212603399240559.1250000000
8.0666666667 212690572521828.5625000000
8.0761904762 212777776766593.4375000000
8.0857142857 212865011850215.4062500000
8.0952380952 212952277648724.3125000000
8.1047619048 213039574038813.4687500000
8.1142857143 213126900897835.3125000000
8.1238095238 213214258103797.1250000000
8.1333333333 213301645535356.5625000000
8.1428571429 213389063071817.1875000000
8.1523809524 213476510593124.5937500000
8.1619047619 213563987979861.5625000000
8.1714285714 213651495113244.4375000000
8.1809523810 213739031875118.4062500000
8.1904761905 213826598147953.8750000000
8.2000000000 213914193814841.6875000000
8.2095238095 214001818759489.6562500000
8.2190476190 214089472866218.1562500000
8.2285714286 214177156019956.1875000000
8.2380952381 214264868106237.3125000000
8.2476190476 214352609011195.8750000000
8.2571428571 214440378621562.8125000000
8.2666666667 214528176824661.8437500000
8.2761904762 214616003508405.8125000000
8.2857142857 214703858561292.4687500000
8.2952380952 214791741872401.0312500000
8.3047619048 214879653331388.0625000000
8.3142857143 214967592828484.0000000000
8.3238095238 215055560254489.1250000000
8.3333333333 215143555500770.1250000000
8.3428571429 215231578459256.5000000000
8.3523809524 215319629022436.7187500000
8.3619047619 215407707083354.4375000000
8.3714285714 215495812535605.4062500000
8.3809523810 215583945273333.5312500000
8.3904761905 215672105191227.5625000000
8.4000000000 215760292184517.2500000000
8.4095238095 215848506148970.5000000000
8.4190476190 215936746980889.2500000000
8.4285714286 216025014577106.5312500000
8.4380952381 216113308834982.7812500000
8.4476190476 216201629652402.6250000000
8.4571428571 216289976927771.5000000000
8.4666666667 216378350560012.3750000000
8.4761904762 216466750448562.3750000000
8.4857142857 216555176493369.5625000000
8.4952380952 216643628594889.6875000000
8.5047619048 216732106654083.0312500000
8.5142857143 216820610572411.1875000000
8.5238095238 216909140251833.7187500000
8.5333333333 216997695594805.3125000000
8.5428571429 217086276504272.5625000000
8.5523809524 217174882883670.6250000000
8.5619047619 217263514636920.4062500000
8.5714285714 217352171668425.5625000000
8.5809523810 217440853883069.3437500000
8.5904761905 217529561186211.5000000000
8.6000000000 217618293483685.5312500000
8.6095238095 217707050681795.4375000000
8.6190476190 217795832687313.1875000000
8.6285714286 217884639407475.3125000000
8.6380952381 217973470749980.4375000000
8.6476190476 218062326622986.1875000000
8.6571428571 218151206935106.3750000000
8.6666666667 218240111595408.2500000000
8.6761904762 218329040513409.5625000000
8.6857142857 218417993599075.8125000000
8.6952380952 218506970762817.5625000000
8.7047619048 218595971915487.6250000000
8.7142857143 218684996968378.3437500000
8.7238095238 218774045833218.9375000000
8.7333333333 218863118422172.6875000000
8.7428571429 218952214647834.4687500000
8.7523809524 219041334423227.8750000000
8.7619047619 219130477661802.7812500000
8.7714285714 219219644277432.5625000000
8.7809523810 219308834184411.8437500000
8.7904761905 219398047297453.3750000000
8.8000000000 219487283531686.1562500000
8.8095238095 219576542802652.1250000000
8.8190476190 219665825026304.4375000000
8.8285714286 219755130119004.4062500000
8.8380952381 219844457997519.2500000000
8.8476190476 219933808579019.6875000000
8.8571428571 220023181781077.2812500000
8.8666666667 220112577521662.2187500000
8.8761904762 220201995719140.8750000000
8.8857142857 220291436292273.3750000000
8.8952380952 220380899160210.9375000000
8.9047619048 220470384242494.2500000000
8.9142857143 220559891459050.5625000000
8.9238095238 220649420730191.2812500000
8.9333333333 220738971976610.0625000000
8.9428571429 220828545119380.4375000000
8.9523809524 220918140079953.2812500000
8.9619047619 221007756780154.7500000000
8.9714285714 221097395142184.0937500000
8.9809523810 221187055088611.2500000000
8.9904761905 221276736542374.8750000000
9.0000000000 221366439426779.9375000000
9.0095238095 221456163665495.7187500000
9.0190476190 221545909182553.4375000000
9.0285714286 221635675902344.3125000000
9.0380952381 221725463749617.4375000000
9.0476190476 221815272649477.3750000000
9.0571428571 221905102527382.4062500000
9.0666666667 221994953309142.3125000000
9.0761904762 222084824920916.3750000000
9.0857142857 222174717289210.9062500000
9.0952380952 222264630340878.0312500000
9.1047619048 222354564003112.8125000000
9.1142857143 222444518203451.7812500000
9.1238095238 222534492869770.6875000000
9.1333333333 222624487930282.7500000000
9.1428571429 222714503313536.1250000000
9.1523809524 222804538948412.9687500000
9.1619047619 222894594764126.3750000000
9.1714285714 222984670690219.1875000000
9.1809523810 223074766656561.6250000000
9.1904761905 223164882593349.9375000000
9.2000000000 223255018431104.0312500000
9.2095238095 223345174100665.6875000000
9.2190476190 223435349533196.8437500000
9.2285714286 223525544660177.5937500000
9.2380952381 223615759413404.4375000000
9.2476190476 223705993724988.5000000000
9.2571428571 223796247527353.5625000000
9.2666666667 223886520753234.4375000000
9.2761904762 223976813335675.0312500000
9.2857142857 224067125208026.7500000000
9.2952380952 224157456303946.5000000000
9.3047619048 224247806557395.1250000000
9.3142857143 224338175902635.6875000000
9.3238095238 224428564274231.5625000000
9.3333333333 224518971607044.8437500000
9.3428571429 224609397836234.5625000000
9.3523809524 224699842897255.1875000000
9.3619047619 224790306725854.8125000000
9.3714285714 224880789258073.3750000000
9.3809523810 224971290430241.2500000000
9.3904761905 225061810178977.3125000000
9.4000000000 225152348441187.5625000000
9.4095238095 225242905154063.5625000000
9.4190476190 225333480255080.2500000000
9.4285714286 225424073681995.2187500000
9.4380952381 225514685372846.3437500000
9.4476190476 225605315265950.6562500000
9.4571428571 225695963299902.5000000000
9.4666666667 225786629413572.3125000000
9.4761904762 225877313546104.7500000000
9.4857142857 225968015636917.3750000000
9.4952380952 226058735625698.9062500000
9.5047619048 226149473452407.8750000000
9.5142857143 226240229057271.1250000000
9.5238095238 226331002380782.0625000000
9.5333333333 226421793363699.6875000000
9.5428571429 226512601947046.6562500000
9.5523809524 226603428072107.8125000000
9.5619047619 226694271680429.0000000000
9.5714285714 226785132713815.5625000000
9.5809523810 226876011114330.6250000000
9.5904761905 226966906824294.1250000000
9.6000000000 227057819786281.0000000000
9.6095238095 227148749943119.9375000000
9.6190476190 227239697237891.9062500000
9.6285714286 227330661613928.9062500000
9.6380952381 227421643014812.5000000000
9.6476190476 227512641384372.3750000000
9.6571428571 227603656666685.1250000000
9.6666666667 227694688806072.6875000000
9.6761904762 227785737747101.2500000000
9.6857142857 227876803434579.7500000000
9.6952380952 227967885813558.6250000000
9.7047619048 228058984829328.3125000000
9.7142857143 228150100427418.2500000000
9.7238095238 228241232553595.3437500000
9.7333333333 228332381153862.7187500000
9.7428571429 228423546174458.5000000000
9.7523809524 228514727561854.4687500000
9.7619047619 228605925262754.6250000000
9.7714285714 228697139224094.6250000000
9.7809523810 228788369393039.4375000000
9.7904761905 228879615716983.0000000000
9.8000000000 228970878143546.5937500000
9.8095238095 229062156620577.7500000000
9.8190476190 229153451096148.8750000000
9.8285714286 229244761518556.1875000000
9.8380952381 229336087836318.5000000000
9.8476190476 229427429998175.8437500000
9.8571428571 229518787953088.5625000000
9.8666666667 229610161650235.8750000000
9.8761904762 229701551039015.0625000000
9.8857142857 229792956069039.6250000000
9.8952380952 229884376690138.9375000000
9.9047619048 229975812852356.5625000000
9.9142857143 230067264505949.2500000000
9.9238095238 230158731601385.8750000000
9.9333333333 230250214089346.1562500000
9.9428571429 230341711920719.6250000000
9.9523809524 230433225046604.7187500000
9.9619047619 230524753418307.2500000000
9.9714285714 230616296987339.4062500000
9.9809523810 230707855705419.1250000000
9.9904761905 230799429524468.4062500000
10.0000000000 230891018396612.4375000000
10.0095238095 230982622274178.8125000000
10.0190476190 231074241109696.0625000000
10.0285714286 231165874855892.6250000000
10.0380952381 231257523465695.9687500000
10.0476190476 231349186892231.9062500000
10.0571428571 231440865088822.4687500000
10.0666666667 231532558008986.0937500000
10.0761904762 231624265606435.7500000000
10.0857142857 231715987835078.2812500000
10.0952380952 231807724649013.5312500000
10.1047619048 231899476002532.8125000000
10.1142857143 231991241850118.4375000000
10.1238095238 232083022146442.5625000000
10.1333333333 232174816846365.9375000000
10.1428571429 232266625904937.3437500000
10.1523809524 232358449277392.3125000000
10.1619047619 232450286919152.3750000000
10.1714285714 232542138785823.8125000000
10.1809523810 232634004833196.9687500000
10.1904761905 232725885017245.1875000000
10.2000000000 232817779294123.8750000000
10.2095238095 232909687620169.5000000000
10.2190476190 233001609951898.9375000000
10.2285714286 233093546246008.0000000000
10.2380952381 233185496459370.9375000000
10.2476190476 233277460549039.7187500000
10.2571428571 233369438472242.4687500000
10.2666666667 233461430186383.0000000000
10.2761904762 233553435649039.8125000000
10.2857142857 233645454817965.5000000000
10.2952380952 233737487651085.0625000000
10.3047619048 233829534106495.9687500000
10.3142857143 233921594142466.6875000000
10.3238095238 234013667717435.8750000000
10.3333333333 234105754790011.8125000000
10.3428571429 234197855318971.1250000000
10.3523809524 234289969263258.2500000000
10.3619047619 234382096581984.5625000000
10.3714285714 234474237234427.1250000000
10.3809523810 234566391180028.5312500000
10.3904761905 234658558378395.5937500000
10.4000000000 234750738789298.2500000000
10.4095238095 234842932372669.6250000000
10.4190476190 234935139088604.4375000000
10.4285714286 235027358897358.3125000000
10.4380952381 235119591759347.3125000000
10.4476190476 235211837635146.8750000000
10.4571428571 235304096485490.9375000000
10.4666666667 235396368271271.2500000000
10.4761904762 235488652953536.6250000000
10.4857142857 235580950493492.1875000000
10.4952380952 235673260852498.3125000000
10.5047619048 235765583992070.2812500000
10.5142857143 235857919873877.0625000000
10.5238095238 235950268459740.8750000000
10.5333333333 236042629711636.3125000000
10.5428571429 236135003591689.2812500000
10.5523809524 236227390062177.1250000000
10.5619047619 236319789085526.6875000000
10.5714285714 236412200624314.5625000000
10.5809523810 236504624641265.8125000000
10.5904761905 236597061099253.2187500000
10.6000000000 236689509961297.0625000000
10.6095238095 236781971190563.7187500000
10.6190476190 236874444750365.4375000000
10.6285714286 236966930604159.3750000000
10.6380952381 237059428715546.8437500000
10.6476190476 237151939048272.9687500000
10.6571428571 237244461566225.4375000000
10.6666666667 237336996233434.2187500000
10.6761904762 237429543014070.6250000000
10.6857142857 237522101872446.8125000000
10.6952380952 237614672773014.9375000000
10.7047619048 237707255680366.5312500000
10.7142857143 237799850559231.8125000000
10.7238095238 237892457374478.9375000000
10.7333333333 237985076091113.5000000000
10.7428571429 238077706674277.6875000000
10.7523809524 238170349089249.6875000000
10.7619047619 238263003301443.0625000000
10.7714285714 238355669276405.9375000000
10.7809523810 238448346979820.5625000000
10.7904761905 238541036377502.5937500000
10.8000000000 238633737435400.2500000000
10.8095238095 238726450119593.9062500000
10.8190476190 238819174396295.3437500000
10.8285714286 238911910231847.2500000000
10.8380952381 239004657592722.4375000000
10.8476190476 239097416445523.0625000000
10.8571428571 239190186756980.4687500000
10.8666666667 239282968493954.1875000000
10.8761904762 239375761623431.3750000000
10.8857142857 239468566112526.3750000000
10.8952380952 239561381928479.7500000000
10.9047619048 239654209038658.0625000000
10.9142857143 239747047410553.2500000000
10.9238095238 239839897011781.6875000000
10.9333333333 239932757810083.7500000000
10.9428571429 240025629773323.3750000000
10.9523809524 240118512869487.4375000000
10.9619047619 240211407066684.8750000000
10.9714285714 240304312333146.4375000000
10.9809523810 240397228637224.0000000000
10.9904761905 240490155947390.0312500000
11.0000000000 240583094232236.7812500000
11.0095238095 240676043460475.8750000000
11.0190476190 240769003600937.9375000000
11.0285714286 240861974622571.8750000000
11.0380952381 240954956494444.0625000000
11.0476190476 241047949185738.1250000000
11.0571428571 241140952665754.3750000000
11.0666666667 241233966903909.1250000000
11.0761904762 241326991869734.0312500000
11.0857142857 241420027532875.8125000000
11.0952380952 241513073863095.5625000000
11.1047619048 241606130830268.3437500000
11.1142857143 241699198404382.2812500000
11.1238095238 241792276555538.7187500000
11.1333333333 241885365253950.8125000000
11.1428571429 241978464469943.6250000000
11.1523809524 242071574173953.6250000000
11.1619047619 242164694336527.8125000000
11.1714285714 242257824928323.3125000000
11.1809523810 242350965920107.0000000000
11.1904761905 242444117282754.8125000000
11.2000000000 242537278987251.5625000000
11.2095238095 242630451004689.8750000000
11.2190476190 242723633306270.2500000000
11.2285714286 242816825863300.2812500000
11.2380952381 242910028647194.1250000000
11.2476190476 243003241629472.0312500000
11.2571428571 243096464781760.1250000000
11.2666666667 243189698075789.4687500000
11.2761904762 243282941483395.8125000000
11.2857142857 243376194976519.2500000000
11.2952380952 243469458527203.5000000000
11.3047619048 243562732107595.3750000000
11.3142857143 243656015689944.7500000000
11.3238095238 243749309246603.3125000000
11.3333333333 243842612750025.0625000000
11.3428571429 243935926172765.1250000000
11.3523809524 244029249487479.4062500000
11.3619047619 244122582666924.3125000000
11.3714285714 244215925683956.1250000000
11.3809523810 244309278511530.8750000000
11.3904761905 244402641122703.2812500000
11.4000000000 244496013490626.8125000000
11.4095238095 244589395588553.1250000000
11.4190476190 244682787389831.5625000000
11.4285714286 244776188867908.5312500000
11.4380952381 244869599996327.4062500000
11.4476190476 244963020748727.8125000000
11.4571428571 245056451098845.5000000000
11.4666666667 245149891020511.3437500000
11.4761904762 245243340487651.6250000000
11.4857142857 245336799474287.0625000000
11.4952380952 245430267954532.5000000000
11.5047619048 245523745902596.7500000000
11.5142857143 245617233292781.8125000000
11.5238095238 245710730099482.6250000000
11.5333333333 245804236297186.6875000000
11.5428571429 245897751860473.4687500000
11.5523809524 245991276764014.1250000000
11.5619047619 246084810982571.2500000000
11.5714285714 246178354490998.0312500000
11.5809523810 246271907264238.2500000000
11.5904761905 246365469277325.5625000000
11.6000000000 246459040505383.4062500000
11.6095238095 246552620923624.4062500000
11.6190476190 246646210507349.8437500000
11.6285714286 246739809231949.7500000000
11.6380952381 246833417072901.8437500000
11.6476190476 246927034005771.7500000000
11.6571428571 247020660006211.9687500000
11.6666666667 247114295049962.4375000000
11.6761904762 247207939112848.9375000000
11.6857142857 247301592170783.8125000000
11.6952380952 247395254199764.8437500000
11.7047619048 247488925175875.1562500000
11.7142857143 247582605075283.0312500000
11.7238095238 247676293874240.8750000000
11.7333333333 247769991549085.7812500000
11.7428571429 247863698076238.4375000000
11.7523809524 247957413432202.7812500000
11.7619047619 248051137593566.1875000000
11.7714285714 248144870536998.5625000000
11.7809523810 248238612239252.1250000000
11.7904761905 248332362677161.0312500000
11.8000000000 248426121827641.3750000000
11.8095238095 248519889667690.0625000000
11.8190476190 248613666174385.2500000000
11.8285714286 248707451324885.5625000000
11.8380952381 248801245096429.5937500000
11.8476190476 248895047466336.0625000000
11.8571428571 248988858412003.1875000000
11.8666666667 249082677910908.2187500000
11.8761904762 249176505940607.0000000000
11.8857142857 249270342478734.3125000000
11.8952380952 249364187503002.5937500000
11.9047619048 249458040991202.3750000000
11.9142857143 249551902921201.5000000000
11.9238095238 249645773270944.7187500000
11.9333333333 249739652018454.0312500000
11.9428571429 249833539141827.3750000000
11.9523809524 249927434619239.0000000000
11.9619047619 250021338428938.8750000000
11.9714285714 250115250549252.4375000000
11.9809523810 250209170958580.3125000000
11.9904761905 250303099635397.6875000000
12.0000000000 250397036558254.3437500000
12.0095238095 250490981705774.3750000000
12.0190476190 250584935056655.3750000000
12.0285714286 250678896589668.5625000000
12.0380952381 250772866283658.4375000000
12.0476190476 250866844117542.3125000000
12.0571428571 250960830070310.0312500000
12.0666666667 251054824121023.6250000000
12.0761904762 251148826248817.1875000000
12.0857142857 251242836432896.3750000000
12.0952380952 251336854652538.1875000000
12.1047619048 251430880887090.5625000000
12.1142857143 251524915115972.2187500000
12.1238095238 251618957318672.3125000000
12.1333333333 251713007474749.9687500000
12.1428571429 251807065563834.1875000000
12.1523809524 251901131565623.6562500000
12.1619047619 251995205459885.9375000000
12.1714285714 252089287226457.8750000000
12.1809523810 252183376845244.5625000000
12.1904761905 252277474296219.6875000000
12.2000000000 252371579559424.9375000000
12.2095238095 252465692614969.6562500000
12.2190476190 252559813443030.8750000000
12.2285714286 252653942023852.5000000000
12.2380952381 252748078337745.6250000000
12.2476190476 252842222365087.5625000000
12.2571428571 252936374086322.5625000000
12.2666666667 253030533481960.3125000000
12.2761904762 253124700532576.7500000000
12.2857142857 253218875218812.9687500000
12.2952380952 253313057521375.3437500000
12.3047619048 253407247421035.5000000000
12.3142857143 253501444898629.1875000000
12.3238095238 253595649935057.2500000000
12.3333333333 253689862511283.9375000000
12.3428571429 253784082608337.9375000000
12.3523809524 253878310207311.2500000000
12.3619047619 253972545289359.2187500000
12.3714285714 254066787835700.3125000000
12.3809523810 254161037827615.6875000000
12.3904761905 254255295246449.3750000000
12.4000000000 254349560073607.1562500000
12.4095238095 254443832290557.2500000000
12.4190476190 254538111878829.4687500000
12.4285714286 254632398820015.1562500000
12.4380952381 254726693095767.0000000000
12.4476190476 254820994687798.3750000000
12.4571428571 254915303577883.7500000000
12.4666666667 255009619747857.8125000000
12.4761904762 255103943179615.6250000000
12.4857142857 255198273855112.2500000000
12.4952380952 255292611756362.4375000000
12.5047619048 255386956865440.4375000000
12.5142857143 255481309164479.7500000000
12.5238095238 255575668635672.8125000000
12.5333333333 255670035261270.9687500000
12.5428571429 255764409023583.9375000000
12.5523809524 255858789904979.7187500000
12.5619047619 255953177887884.3750000000
12.5714285714 256047572954781.9375000000
12.5809523810 256141975088213.6562500000
12.5904761905 256236384270778.3125000000
12.6000000000 256330800485131.8125000000
12.6095238095 256425223713986.8750000000
12.6190476190 256519653940112.6562500000
12.6285714286 256614091146335.0625000000
12.6380952381 256708535315535.8125000000
12.6476190476 256802986430652.6562500000
12.6571428571 256897444474679.1875000000
12.6666666667 256991909430664.2500000000
12.6761904762 257086381281712.2500000000
12.6857142857 257180860010982.1562500000
12.6952380952 257275345601688.1875000000
12.7047619048 257369838037098.9375000000
12.7142857143 257464337300537.3437500000
12.7238095238 257558843375380.3750000000
12.7333333333 257653356245059.2500000000
12.7428571429 257747875893058.5625000000
12.7523809524 257842402302916.3750000000
12.7619047619 257936935458224.3750000000
12.7714285714 258031475342626.9375000000
12.7809523810 258126021939821.3437500000
12.7904761905 258220575233557.6562500000
12.8000000000 258315135207638.1250000000
12.8095238095 258409701845917.2500000000
12.8190476190 258504275132301.7500000000
12.8285714286 258598855050749.8125000000
12.8380952381 258693441585271.3125000000
12.8476190476 258788034719927.6250000000
12.8571428571 258882634438830.9375000000
12.8666666667 258977240726144.7500000000
12.8761904762 259071853566083.1875000000
12.8857142857 259166472942910.7500000000
12.8952380952 259261098840942.6250000000
12.9047619048 259355731244543.7187500000
12.9142857143 259450370138129.2812500000
12.9238095238 259545015506164.0000000000
12.9333333333 259639667333162.3125000000
12.9428571429 259734325603687.8125000000
12.9523809524 259828990302353.3750000000
12.9619047619 259923661413820.8750000000
12.9714285714 260018338922800.8437500000
12.9809523810 260113022814052.3750000000
12.9904761905 260207713072383.0312500000
13.0000000000 260302409682648.3125000000
13.0095238095 260397112629752.1250000000
13.0190476190 260491821898645.8125000000
13.0285714286 260586537474328.4375000000
13.0380952381 260681259341846.5625000000
13.0476190476 260775987486293.8437500000
13.0571428571 260870721892811.1875000000
13.0666666667 260965462546586.1875000000
13.0761904762 261060209432853.0937500000
13.0857142857 261154962536892.9375000000
13.0952380952 261249721844032.6562500000
13.1047619048 261344487339645.5625000000
13.1142857143 261439259009151.0937500000
13.1238095238 261534036838013.9375000000
13.1333333333 261628820811744.8437500000
13.1428571429 261723610915899.7500000000
13.1523809524 261818407136079.9375000000
13.1619047619 261913209457931.6250000000
13.1714285714 262008017867145.9687500000
13.1809523810 262102832349459.0000000000
13.1904761905 262197652890650.9375000000
13.2000000000 262292479476546.5625000000
13.2095238095 262387312093014.8750000000
13.2190476190 262482150725968.7812500000
13.2285714286 262576995361365.1250000000
13.2380952381 262671845985204.3750000000
13.2476190476 262766702583530.5000000000
13.2571428571 262861565142430.7187500000
13.2666666667 262956433648035.5000000000
13.2761904762 263051308086518.4375000000
13.2857142857 263146188444095.6875000000
13.2952380952 263241074707026.2500000000
13.3047619048 263335966861611.6250000000
13.3142857143 263430864894195.6250000000
13.3238095238 263525768791164.0625000000
13.3333333333 263620678538944.9687500000
13.3428571429 263715594124008.2500000000
13.3523809524 263810515532865.3750000000
13.3619047619 263905442752069.3437500000
13.3714285714 264000375768214.5937500000
13.3809523810 264095314567936.7187500000
13.3904761905 264190259137912.3125000000
13.4000000000 264285209464859.0625000000
13.4095238095 264380165535535.1250000000
13.4190476190 264475127336739.3750000000
13.4285714286 264570094855311.2187500000
13.4380952381 264665068078130.0625000000
13.4476190476 264760046992115.6250000000
13.4571428571 264855031584227.5625000000
13.4666666667 264950021841465.3437500000
13.4761904762 265045017750867.9687500000
13.4857142857 265140019299514.1250000000
13.4952380952 265235026474521.7187500000
13.5047619048 265330039263047.9375000000
13.5142857143 265425057652289.0625000000
13.5238095238 265520081629480.1562500000
13.5333333333 265615111181895.1250000000
13.5428571429 265710146296846.5312500000
13.5523809524 265805186961685.2500000000
13.5619047619 265900233163800.6875000000
13.5714285714 265995284890620.1875000000
13.5809523810 266090342129609.3750000000
13.5904761905 266185404868271.7500000000
13.6000000000 266280473094148.1875000000
13.6095238095 266375546794817.6250000000
13.6190476190 266470625957896.1250000000
13.6285714286 266565710571037.4375000000
13.6380952381 266660800621932.1250000000
13.6476190476 266755896098307.9375000000
13.6571428571 266850996987929.5312500000
13.6666666667 266946103278598.3750000000
13.6761904762 267041214958152.5000000000
13.6857142857 267136332014466.4375000000
13.6952380952 267231454435450.9375000000
13.7047619048 267326582209053.2812500000
13.7142857143 267421715323256.5000000000
13.7238095238 267516853766079.8750000000
13.7333333333 267611997525578.1250000000
13.7428571429 267707146589841.9375000000
13.7523809524 267802300946997.5000000000
13.7619047619 267897460585206.3750000000
13.7714285714 267992625492665.2500000000
13.7809523810 268087795657606.3125000000
13.7904761905 268182971068296.4375000000
13.8000000000 268278151713037.6250000000
13.8095238095 268373337580166.1875000000
13.8190476190 268468528658053.7812500000
13.8285714286 268563724935106.0000000000
13.8380952381 268658926399762.9687500000
13.8476190476 268754133040499.2500000000
13.8571428571 268849344845823.0625000000
13.8666666667 268944561804277.0625000000
13.8761904762 269039783904437.6562500000
13.8857142857 269135011134914.7812500000
13.8952380952 269230243484352.2500000000
13.9047619048 269325480941427.4375000000
13.9142857143 269420723494850.5625000000
13.9238095238 269515971133365.6875000000
13.9333333333 269611223845749.7187500000
13.9428571429 269706481620812.6250000000
13.9523809524 269801744447397.2500000000
13.9619047619 269897012314379.0000000000
13.9714285714 269992285210666.4062500000
13.9809523810 270087563125200.0000000000
13.9904761905 270182846046952.9375000000
14.0000000000 270278133964930.8125000000
14.0095238095 270373426868171.0625000000
14.0190476190 270468724745743.4375000000
14.0285714286 270564027586749.5000000000
14.0380952381 270659335380322.6250000000
14.0476190476 270754648115627.8750000000
14.0571428571 270849965781861.9062500000
14.0666666667 270945288368252.9375000000
14.0761904762 271040615864060.4375000000
14.0857142857 271135948258575.1250000000
14.0952380952 271231285541118.9062500000
14.1047619048 271326627701044.5000000000
14.1142857143 271421974727735.8750000000
14.1238095238 271517326610607.4062500000
14.1333333333 271612683339104.3750000000
14.1428571429 271708044902702.6250000000
14.1523809524 271803411290908.4375000000
14.1619047619 271898782493258.3750000000
14.1714285714 271994158499319.1562500000
14.1809523810 272089539298687.8750000000
14.1904761905 272184924880991.5000000000
14.2000000000 272280315235886.8125000000
14.2095238095 272375710353060.5312500000
14.2190476190 272471110222229.1875000000
14.2285714286 272566514833138.5937500000
14.2380952381 272661924175564.1875000000
14.2476190476 272757338239310.8125000000
14.2571428571 272852757014212.6250000000
14.2666666667 272948180490132.7500000000
14.2761904762 273043608656963.7187500000
14.2857142857 273139041504626.5625000000
