0.7619047619 6570098322233727319833313280.0000000000
0.7714285714 7035372095644427776646184960.0000000000
0.7809523810 7544288906431375754909450240.0000000000
0.7904761905 8103167875956882273365655552.0000000000
0.8000000000 8719609926329586459388936192.0000000000
0.8095238095 9402840150636401927724728320.0000000000
0.8190476190 10164166113080923817653567488.0000000000
0.8285714286 11017600615692191229227827200.0000000000
0.8380952381 11980722169626966880459685888.0000000000
0.8476190476 13075886213680293129803005952.0000000000
0.8571428571 14331966039024652595088064512.0000000000
0.8666666667 15786914936357765163192942592.0000000000
0.8761904762 17491640077073207111498858496.0000000000
0.8857142857 19516044710172054043771273216.0000000000
0.8952380952 21958800297544378083507699712.0000000000
0.9047619048 24963842971709462263583735808.0000000000
0.9142857143 28749691884880542378024239104.0000000000
0.9238095238 33664946555742710346110992384.0000000000
0.9333333333 40302003181293859673225560064.0000000000
0.9428571429 49755340523429240213201747968.0000000000
0.9523809524 64296450569952021915931508736.0000000000
0.9619047619 89537853882650683384012996608.0000000000
0.9714285714 144148147223790246764283428864.0000000000
0.9809523810 350580668678068770311157841920.0000000000
0.9904761905 -915002325921056615961169231872.0000000000
1.0000000000 -203878770391353742756029661184.0000000000
1.0095238095 -116421987362172911058652495872.0000000000
1.0190476190 -82289872613713519329706770432.0000000000
1.0285714286 -64109581709911730398842322944.0000000000
1.0380952381 -52818415653572010266633175040.0000000000
1.0476190476 -45125646847655088533897478144.0000000000
1.0571428571 -39548518636206837205494136832.0000000000
1.0666666667 -35320539728743006129130307584.0000000000
1.0761904762 -32005585645920154825904881664.0000000000
1.0857142857 -29337222097273814263852433408.0000000000
1.0952380952 -27143490951552481192470118400.0000000000
1.1047619048 -25308444273185781610788683776.0000000000
1.1142857143 -23751056920787695084763086848.0000000000
1.1238095238 -22412999095734623859608911872.0000000000
1.1333333333 -21251210092737865912489607168.0000000000
1.1428571429 -20233208915373422814118805504.0000000000
1.1523809524 -19334033104145524714851270656.0000000000
1.1619047619 -18534182298767608910585004032.0000000000
1.1714285714 -17818201754496406587730558976.0000000000
1.1809523810 -17173684926393747038812504064.0000000000
1.1904761905 -16590557273383669555492028416.0000000000
1.2000000000 -16060552929525940277292826624.0000000000
1.2095238095 -15576826251001098612783448064.0000000000
1.2190476190 -15133659354498261493357740032.0000000000
1.2285714286 -14726239067621175712983023616.0000000000
1.2380952381 -14350484802913710508861292544.0000000000
1.2476190476 -14002914288827545497773277184.0000000000
1.2571428571 -13680537787263114614189064192.0000000000
1.2666666667 -13380773987483023213254934528.0000000000
1.2761904762 -13101382565428162356553187328.0000000000
1.2857142857 -12840409679024272591869181952.0000000000
1.2952380952 -12596143594319673696611991552.0000000000
1.3047619048 -12367078311600863249512267776.0000000000
1.3142857143 -12151883557908612877379436544.0000000000
1.3238095238 -11949379882796833208830787584.0000000000
1.3333333333 -11758517872708924667120844800.0000000000
1.3428571429 -11578360710636122835402096640.0000000000
1.3523809524 -11408069469336724554542743552.0000000000
1.3619047619 -11246890650980758850088468480.0000000000
1.3714285714 -11094145582833140226825650176.0000000000
1.3809523810 -10949221354243551147553980416.0000000000
1.3904761905 -10811563039763110868931313664.0000000000
1.4000000000 -10680667000374975110100025344.0000000000
1.4095238095 -10556075092407197520908779520.0000000000
1.4190476190 -10437369643807734810258964480.0000000000
1.4285714286 -10324169081716312477704126464.0000000000
1.4380952381 -10216124114907498718393532416.0000000000
1.4476190476 -10112914390656014278245482496.0000000000
1.4571428571 -10014245558635401907982565376.0000000000
1.4666666667 -9919846685183585672407023616.0000000000
1.4761904762 -9829467970108424680334426112.0000000000
1.4857142857 -9742878725525468360545927168.0000000000
1.4952380952 -9659865582301935937255374848.0000000000
1.5047619048 -9580230894754969018448216064.0000000000
1.5142857143 -9503791318499742773850144768.0000000000
1.5238095238 -9430376539911600516439736320.0000000000
1.5333333333 -9359828138674160927944736768.0000000000
1.5428571429 -9291998567428483478947102720.0000000000
1.5523809524 -9226750234695882191197437952.0000000000
1.5619047619 -9163954679081601001613950976.0000000000
1.5714285714 -9103491824332697354928914432.0000000000
1.5809523810 -9045249306162314179646586880.0000000000
1.5904761905 -8989121862901886085979176960.0000000000
1.6000000000 -8935010783030272828077244416.0000000000
1.6095238095 -8882823403481216059374043136.0000000000
1.6190476190 -8832472653366168953194283008.0000000000
1.6285714286 -8783876638387347468259950592.0000000000
1.6380952381 -8736958261769718926590083072.0000000000
1.6476190476 -8691644878021831641048023040.0000000000
1.6571428571 -8647867976255963522530279424.0000000000
1.6666666667 -8605562890164590897421877248.0000000000
1.6761904762 -8564668532071645179579203584.0000000000
1.6857142857 -8525127148759021186323578880.0000000000
1.6952380952 -8486884097016104142759788544.0000000000
1.7047619048 -8449887637078389352917106688.0000000000
1.7142857143 -8414088742313752320303693824.0000000000
1.7238095238 -8379440923684366240352043008.0000000000
1.7333333333 -8345900067663328988308176896.0000000000
1.7428571429 -8313424286417738694729400320.0000000000
1.7523809524 -8281973779188862586229620736.0000000000
1.7619047619 -8251510703904961367656890368.0000000000
1.7714285714 -8221999058156307780225466368.0000000000
1.7809523810 -8193404568745418390463578112.0000000000
1.7904761905 -8165694589100267962852442112.0000000000
1.8000000000 -8138838003905229221303156736.0000000000
1.8095238095 -8112805140363857731052896256.0000000000
1.8190476190 -8087567685561967402578608128.0000000000
1.8285714286 -8063098609447096052585857024.0000000000
1.8380952381 -8039372092983987923450855424.0000000000
1.8476190476 -8016363461084929746651840512.0000000000
1.8571428571 -7994049119948633653349711872.0000000000
1.8666666667 -7972406498473240574925209600.0000000000
1.8761904762 -7951413993437861264811360256.0000000000
1.8857142857 -7931050918172710485096398848.0000000000
1.8952380952 -7911297454461529401369559040.0000000000
1.9047619048 -7892134607441466890395844608.0000000000
1.9142857143 -7873544163284515259343175680.0000000000
1.9238095238 -7855508649462524511887818752.0000000000
1.9333333333 -7838011297413609383010500608.0000000000
1.9428571429 -7821036007442252728526438400.0000000000
1.9523809524 -7804567315698833892367663104.0000000000
1.9619047619 -7788590363096184300704366592.0000000000
1.9714285714 -7773090866031923778920906752.0000000000
1.9809523810 -7758055088795324548646961152.0000000000
1.9904761905 -7743469817546731939206004736.0000000000
2.0000000000 -7729322335766020594702745600.0000000000
2.0095238095 -7715600401074059229226074112.0000000000
2.0190476190 -7702292223338645756340862976.0000000000
2.0285714286 -7689386443982480207110995968.0000000000
2.0380952381 -7676872116416881424313876480.0000000000
2.0476190476 -7664738687530570925412974592.0000000000
2.0571428571 -7652975980167568629784641536.0000000000
2.0666666667 -7641574176533201744113434624.0000000000
2.0761904762 -7630523802471320482148777984.0000000000
2.0857142857 -7619815712559859398294372352.0000000000
2.0952380952 -7609441075975425740966461440.0000000000
2.1047619048 -7599391363081079484493856768.0000000000
2.1142857143 -7589658332694459270448545792.0000000000
2.1238095238 -7580234019996330991202336768.0000000000
2.1333333333 -7571110725042324054434906112.0000000000
2.1428571429 -7562281001842984317318332416.0000000000
2.1523809524 -7553737647979678410544775168.0000000000
2.1619047619 -7545473694725867691340464128.0000000000
2.1714285714 -7537482397645279971864739840.0000000000
2.1809523810 -7529757227640426916694982656.0000000000
2.1904761905 -7522291862426350965284143104.0000000000
2.2000000000 -7515080178406374596254105600.0000000000
2.2095238095 -7508116242927803426853093376.0000000000
2.2190476190 -7501394306897046469393514496.0000000000
2.2285714286 -7494908797734842821951619072.0000000000
2.2380952381 -7488654312653492433889263616.0000000000
2.2476190476 -7482625612238964953083543552.0000000000
2.2571428571 -7476817614321991015261536256.0000000000
2.2666666667 -7471225388122945122790801408.0000000000
2.2761904762 -7465844148656465055787778048.0000000000
2.2857142857 -7460669251382406967824744448.0000000000
2.2952380952 -7455696187090551156143816704.0000000000
2.3047619048 -7450920577007319020728221696.0000000000
2.3142857143 -7446338168113253208278695936.0000000000
2.3238095238 -7441944828660750709445099520.0000000000
2.3333333333 -7437736543882220374872555520.0000000000
2.3428571429 -7433709411879162870574874624.0000000000
2.3523809524 -7429859639683430855682818048.0000000000
2.3619047619 -7426183539482272412265873408.0000000000
2.3714285714 -7422677524999300617135456256.0000000000
2.3809523810 -7419338108023861999025782784.0000000000
2.3904761905 -7416161895081862664246263808.0000000000
2.4000000000 -7413145584241202133364375552.0000000000
2.4095238095 -7410285962045719196454617088.0000000000
2.4190476190 -7407579900571476029123592192.0000000000
2.4285714286 -7405024354599807144870019072.0000000000
2.4380952381 -7402616358901792855803559936.0000000000
2.4476190476 -7400353025628971944885878784.0000000000
2.4571428571 -7398231541805557953113096192.0000000000
2.4666666667 -7396249166917573018640187392.0000000000
2.4761904762 -7394403230594497922801336320.0000000000
2.4857142857 -7392691130379414130468585472.0000000000
2.4952380952 -7391110329583626806330654720.0000000000
2.5047619048 -7389658355222130523115618304.0000000000
2.5142857143 -7388332796026348647013679104.0000000000
2.5238095238 -7387131300530813780556251136.0000000000
2.5333333333 -7386051575230598480207544320.0000000000
2.5428571429 -7385091382806396725389950976.0000000000
2.5523809524 -7384248540414511757920305152.0000000000
2.5619047619 -7383520918038858576275963904.0000000000
2.5714285714 -7382906436902467601109614592.0000000000
2.5809523810 -7382403067935949640152645632.0000000000
2.5904761905 -7382008830300556003484106752.0000000000
2.6000000000 -7381721789963625949816684544.0000000000
2.6095238095 -7381540058324187256172052480.0000000000
2.6190476190 -7381461790886710998806298624.0000000000
2.6285714286 -7381485185981090902478684160.0000000000
2.6380952381 -7381608483526883530296524800.0000000000
2.6476190476 -7381829963840179837903831040.0000000000
2.6571428571 -7382147946481190543734865920.0000000000
2.6666666667 -7382560789141203911146733568.0000000000
2.6761904762 -7383066886567095151175401472.0000000000
2.6857142857 -7383664669522074629031591936.0000000000
2.6952380952 -7384352603781269698476244992.0000000000
2.7047619048 -7385129189160611842912944128.0000000000
2.7142857143 -7385992958578002179336962048.0000000000
2.7238095238 -7386942477145273183466684416.0000000000
2.7333333333 -7387976341289940582917996544.0000000000
2.7428571429 -7389093177905526060026429440.0000000000
2.7523809524 -7390291643529389735596261376.0000000000
2.7619047619 -7391570423547065280925532160.0000000000
2.7714285714 -7392928231422056420595466240.0000000000
2.7809523810 -7394363807950217415745339392.0000000000
2.7904761905 -7395875920537726867856162816.0000000000
2.8000000000 -7397463362501848901020024832.0000000000
2.8095238095 -7399124952393654889951002624.0000000000
2.8190476190 -7400859533341808532249378816.0000000000
2.8285714286 -7402665972416800737430863872.0000000000
2.8380952381 -7404543160014767917558136832.0000000000
2.8476190476 -7406490009260242768591060992.0000000000
2.8571428571 -7408505455427222915455647744.0000000000
2.8666666667 -7410588455377740483692331008.0000000000
2.8761904762 -7412737987017529076916158464.0000000000
2.8857142857 -7414953048768009705856434176.0000000000
2.8952380952 -7417232659054126177510752256.0000000000
2.9047619048 -7419575855807412018878611456.0000000000
2.9142857143 -7421981695983878817437450240.0000000000
2.9238095238 -7424449255096025589454209024.0000000000
2.9333333333 -7426977626758666810434781184.0000000000
2.9428571429 -7429565922248019456292814848.0000000000
2.9523809524 -7432213270073614748144893952.0000000000
2.9619047619 -7434918815562578303406571520.0000000000
2.9714285714 -7437681720455933446538133504.0000000000
2.9809523810 -7440501162516430700184338432.0000000000
2.9904761905 -7443376335147575802243055616.0000000000
3.0000000000 -7446306447023525295862841344.0000000000
3.0095238095 -7449290721729378001881137152.0000000000
3.0190476190 -7452328397411616083098468352.0000000000
3.0285714286 -7455418726438328463504965632.0000000000
3.0380952381 -7458560975068932928459243520.0000000000
3.0476190476 -7461754423132986787982475264.0000000000
3.0571428571 -7464998363717966256400236544.0000000000
3.0666666667 -7468292102865534061750779904.0000000000
3.0761904762 -7471634959276186433308590080.0000000000
3.0857142857 -7475026264021911130827915264.0000000000
3.0952380952 -7478465360266636613180719104.0000000000
3.1047619048 -7481951602994259041133264896.0000000000
3.1142857143 -7485484358743909564191604736.0000000000
3.1238095238 -7489063005352391522771795968.0000000000
3.1333333333 -7492686931703418129787912192.0000000000
3.1428571429 -7496355537483496700029960192.0000000000
3.1523809524 -7500068232944312092773580800.0000000000
3.1619047619 -7503824438671282812668084224.0000000000
3.1714285714 -7507623585358230395274919936.0000000000
3.1809523810 -7511465113587898194465914880.0000000000
3.1904761905 -7515348473618139251774324736.0000000000
3.2000000000 -7519273125173710575535915008.0000000000
3.2095238095 -7523238537243296697331744768.0000000000
3.2190476190 -7527244187881843869593108480.0000000000
3.2285714286 -7531289564017878349415186432.0000000000
3.2380952381 -7535374161265726305207320576.0000000000
3.2476190476 -7539497483742497907226443776.0000000000
3.2571428571 -7543659043889645386482057216.0000000000
3.2666666667 -7547858362299042285454622720.0000000000
3.2761904762 -7552094967543373893906464768.0000000000
3.2857142857 -7556368396010731117645660160.0000000000
3.2952380952 -7560678191743362700266176512.0000000000
3.3047619048 -7565023906280321915073593344.0000000000
3.3142857143 -7569405098504052807173144576.0000000000
3.3238095238 -7573821334490675192673599488.0000000000
3.3333333333 -7578272187363946424774426624.0000000000
3.3428571429 -7582757237152765786317651968.0000000000
3.3523809524 -7587276070652102761548611584.0000000000
3.3619047619 -7591828281287285415411187712.0000000000
3.3714285714 -7596413468981548824819400704.0000000000
3.3809523810 -7601031240026743506347229184.0000000000
3.3904761905 -7605681206957100486243647488.0000000000
3.4000000000 -7610362988426002435238002688.0000000000
3.4095238095 -7615076209085688300368297984.0000000000
3.4190476190 -7619820499469703417344032768.0000000000
3.4285714286 -7624595495878217149234282496.0000000000
3.4380952381 -7629400840265908984318263296.0000000000
3.4476190476 -7634236180132527546703020032.0000000000
3.4571428571 -7639101168415948796871049216.0000000000
3.4666666667 -7643995463387705934367162368.0000000000
3.4761904762 -7648918728550945922647851008.0000000000
3.4857142857 -7653870632540656505442009088.0000000000
3.4952380952 -7658850849026242879460212736.0000000000
3.5047619048 -7663859056616260509406068736.0000000000
3.5142857143 -7668894938765318378940792832.0000000000
3.5238095238 -7673958183683116393717301248.0000000000
3.5333333333 -7679048484245449810716393472.0000000000
3.5428571429 -7684165537907262057745481728.0000000000
3.5523809524 -7689309046617635991937089536.0000000000
3.5619047619 -7694478716736624641200619520.0000000000
3.5714285714 -7699674258953984100790173696.0000000000
3.5809523810 -7704895388209645857267515392.0000000000
3.5904761905 -7710141823615943933022961664.0000000000
3.6000000000 -7715413288381605647447228416.0000000000
3.6095238095 -7720709509737258604637978624.0000000000
3.6190476190 -7726030218862743079199178752.0000000000
3.6285714286 -7731375150815830677412380672.0000000000
3.6380952381 -7736744044462565877570600960.0000000000
3.6476190476 -7742136642409101806614347776.0000000000
3.6571428571 -7747552690934958784813989888.0000000000
3.6666666667 -7752991939927727628731023360.0000000000
3.6761904762 -7758454142819194622714052608.0000000000
3.6857142857 -7763939056522725431208574976.0000000000
3.6952380952 -7769446441372082774229385216.0000000000
3.7047619048 -7774976061061455764646789120.0000000000
3.7142857143 -7780527682586771276030803968.0000000000
3.7238095238 -7786101076188215872797540352.0000000000
3.7333333333 -7791696015294008984587993088.0000000000
3.7428571429 -7797312276465238208879263744.0000000000
3.7523809524 -7802949639341965649037492224.0000000000
3.7619047619 -7808607886590293026510209024.0000000000
3.7714285714 -7814286803850685733832491008.0000000000
3.7809523810 -7819986179687190790586499072.0000000000
3.7904761905 -7825705805537814784128319488.0000000000
3.8000000000 -7831445475665818803012370432.0000000000
3.8095238095 -7837204987112065603043590144.0000000000
3.8190476190 -7842984139648298059678351360.0000000000
3.8285714286 -7848782735731353304820613120.0000000000
3.8380952381 -7854600580458318045571448832.0000000000
3.8476190476 -7860437481522545900094750720.0000000000
3.8571428571 -7866293249170598323250266112.0000000000
3.8666666667 -7872167696159977180598632448.0000000000
3.8761904762 -7878060637717745727801655296.0000000000
3.8857142857 -7883971891499970925208535040.0000000000
3.8952380952 -7889901277551896927674564608.0000000000
3.9047619048 -7895848618268970695891353600.0000000000
3.9142857143 -7901813738358597683437895680.0000000000
3.9238095238 -7907796464802631997598990336.0000000000
3.9333333333 -7913796626820612029067296768.0000000000
3.9428571429 -7919814055833710764203442176.0000000000
3.9523809524 -7925848585429362296947212288.0000000000
3.9619047619 -7931900051326571137449590784.0000000000
3.9714285714 -7937968291341908715472158720.0000000000
3.9809523810 -7944053145356128908832931840.0000000000
3.9904761905 -7950154455281442179317235712.0000000000
4.0000000000 -7956272065029388942425718784.0000000000
4.0095238095 -7962405820479340758261825536.0000000000
4.0190476190 -7968555569447583164070363136.0000000000
4.0285714286 -7974721161656993342566694912.0000000000
4.0380952381 -7980902448707259849498427392.0000000000
4.0476190476 -7987099284045686181881446400.0000000000
4.0571428571 -7993311522938511116701007872.0000000000
4.0666666667 -7999539022442806293217411072.0000000000
4.0761904762 -8005781641378824595039059968.0000000000
4.0857142857 -8012039240302927974823362560.0000000000
4.0952380952 -8018311681480974874838040576.0000000000
4.1047619048 -8024598828862195830685171712.0000000000
4.1142857143 -8030900548053555059164708864.0000000000
4.1238095238 -8037216706294596930765848576.0000000000
4.1333333333 -8043547172432700360972304384.0000000000
4.1428571429 -8049891816898842275451240448.0000000000
4.1523809524 -8056250511683749202846810112.0000000000
4.1619047619 -8062623130314493070271315968.0000000000
4.1714285714 -8069009547831533400517246976.0000000000
4.1809523810 -8075409640766134442734387200.0000000000
4.1904761905 -8081823287118195719478968320.0000000000
4.2000000000 -8088250366334487194041843712.0000000000
4.2095238095 -8094690759287257172218478592.0000000000
4.2190476190 -8101144348253238227288195072.0000000000
4.2285714286 -8107611016892999471156166656.0000000000
4.2380952381 -8114090650230658365797695488.0000000000
4.2476190476 -8120583134633994955958255616.0000000000
4.2571428571 -8127088357794858571946524672.0000000000
4.2666666667 -8133606208709939570287837184.0000000000
4.2761904762 -8140136577661881922982248448.0000000000
4.2857142857 -8146679356200712466111397888.0000000000
4.2952380952 -8153234437125589006817427456.0000000000
4.3047619048 -8159801714466865089630699520.0000000000
4.3142857143 -8166381083468480218239336448.0000000000
4.3238095238 -8172972440570624955165704192.0000000000
4.3333333333 -8179575683392717183233556480.0000000000
4.3428571429 -8186190710716655443965378560.0000000000
4.3523809524 -8192817422470381238747136000.0000000000
4.3619047619 -8199455719711706312295317504.0000000000
4.3714285714 -8206105504612396122333249536.0000000000
4.3809523810 -8212766680442533684732493824.0000000000
4.3904761905 -8219439151555184684840255488.0000000000
4.4000000000 -8226122823371233013109096448.0000000000
4.4095238095 -8232817602364562646889398272.0000000000
4.4190476190 -8239523396047429747733430272.0000000000
4.4285714286 -8246240112956077750769156096.0000000000
4.4380952381 -8252967662636616336864706560.0000000000
4.4476190476 -8259705955631141197839335424.0000000000
4.4571428571 -8266454903464015429883658240.0000000000
4.4666666667 -8273214418628489576561246208.0000000000
4.4761904762 -8279984414573411831763697664.0000000000
4.4857142857 -8286764805690253802502881280.0000000000
4.4952380952 -8293555507300308895028740096.0000000000
4.5047619048 -8300356435642102906691256320.0000000000
4.5142857143 -8307167507858995932825649152.0000000000
4.5238095238 -8313988641987014071567777792.0000000000
4.5333333333 -8320819756942850453460221952.0000000000
4.5428571429 -8327660772512067481686245376.0000000000
4.5523809524 -8334511609337493685861875712.0000000000
4.5619047619 -8341372188907805293781450752.0000000000
4.5714285714 -8348242433546282625511981056.0000000000
4.5809523810 -8355122266399745707882840064.0000000000
4.5904761905 -8362011611427673507417292800.0000000000
4.6000000000 -8368910393391497985612840960.0000000000
4.6095238095 -8375818537844035593175040000.0000000000
4.6190476190 -8382735971119143064623382528.0000000000
4.6285714286 -8389662620321468870408798208.0000000000
4.6380952381 -8396598413316425670868336640.0000000000
4.6476190476 -8403543278720270522319372288.0000000000
4.6571428571 -8410497145890385194270064640.0000000000
4.6666666667 -8417459944915641149025157120.0000000000
4.6761904762 -8424431606607013010919653376.0000000000
4.6857142857 -8431412062488219523343187968.0000000000
4.6952380952 -8438401244786620691973668864.0000000000
4.7047619048 -8445399086424173202127192064.0000000000
4.7142857143 -8452405521008555160898633728.0000000000
4.7238095238 -8459420482824450268488269824.0000000000
4.7333333333 -8466443906824908955342340096.0000000000
4.7428571429 -8473475728622882142619172864.0000000000
4.7523809524 -8480515884482902337213431808.0000000000
4.7619047619 -8487564311312813105291984896.0000000000
4.7714285714 -8494620946655709652062306304.0000000000
4.7809523810 -8501685728681956367354822656.0000000000
4.7904761905 -8508758596181325317484314624.0000000000
4.8000000000 -8515839488555264479483396096.0000000000
4.8095238095 -8522928345809257234801098752.0000000000
4.8190476190 -8530025108545353386815389696.0000000000
4.8285714286 -8537129717954744158810800128.0000000000
4.8380952381 -8544242115810465834816503808.0000000000
4.8476190476 -8551362244460269426700189696.0000000000
4.8571428571 -8558490046819481545168912384.0000000000
4.8666666667 -8565625466364096168211775488.0000000000
4.8761904762 -8572768447123870807589126144.0000000000
4.8857142857 -8579918933675588701577543680.0000000000
4.8952380952 -8587076871136351794040406016.0000000000
4.9047619048 -8594242205157065028521689088.0000000000
4.9142857143 -8601414881915917343804882944.0000000000
4.9238095238 -8608594848112028695727702016.0000000000
4.9333333333 -8615782050959154253601439744.0000000000
4.9428571429 -8622976438179488652188450816.0000000000
4.9523809524 -8630177957997556005586599936.0000000000
4.9619047619 -8637386559134192280090443776.0000000000
4.9714285714 -8644602190800624424075657216.0000000000
4.9809523810 -8651824802692596776883453952.0000000000
4.9904761905 -8659054344984638215193362432.0000000000
5.0000000000 -8666290768324349090605301760.0000000000
5.0095238095 -8673534023826825606175129600.0000000000
5.0190476190 -8680784063069122675857162240.0000000000
5.0285714286 -8688040838084808043411800064.0000000000
5.0380952381 -8695304301358604362243375104.0000000000
5.0476190476 -8702574405821096146424037376.0000000000
5.0571428571 -8709851104843507090461818880.0000000000
5.0666666667 -8717134352232563150975664128.0000000000
5.0761904762 -8724424102225404006882082816.0000000000
5.0857142857 -8731720309484601172209696768.0000000000
5.0952380952 -8739022929093218989867270144.0000000000
5.1047619048 -8746331916549950392202428416.0000000000
5.1142857143 -8753647227764307637141766144.0000000000
5.1238095238 -8760968819051918597447221248.0000000000
5.1333333333 -8768296647129837343623610368.0000000000
5.1428571429 -8775630669111971275058708480.0000000000
5.1523809524 -8782970842504495057023795200.0000000000
5.1619047619 -8790317125201440479534645248.0000000000
5.1714285714 -8797669475480221445026480128.0000000000
5.1809523810 -8805027851997317285703319552.0000000000
5.1904761905 -8812392213783981369654771712.0000000000
5.2000000000 -8819762520241951905996079104.0000000000
5.2095238095 -8827138731139357363566280704.0000000000
5.2190476190 -8834520806606507540417085440.0000000000
5.2285714286 -8841908707131886943441256448.0000000000
5.2380952381 -8849302393558120680210300928.0000000000
5.2476190476 -8856701827078000823951687680.0000000000
5.2571428571 -8864106969230607336526053376.0000000000
5.2666666667 -8871517781897447683102081024.0000000000
5.2761904762 -8878934227298637128761606144.0000000000
5.2857142857 -8886356267989159299453550592.0000000000
5.2952380952 -8893783866855186116575756288.0000000000
5.3047619048 -8901216987110360348161474560.0000000000
5.3142857143 -8908655592292281569716994048.0000000000
5.3238095238 -8916099646258863482198818816.0000000000
5.3333333333 -8923549113184881445502451712.0000000000
5.3428571429 -8931003957558472732951183360.0000000000
5.3523809524 -8938464144177753334017425408.0000000000
5.3619047619 -8945929638147400672183582720.0000000000
5.3714285714 -8953400404875348472988958720.0000000000
5.3809523810 -8960876410069509119867355136.0000000000
5.3904761905 -8968357619734503706566066176.0000000000
5.4000000000 -8975844000168471254402072576.0000000000
5.4095238095 -8983335517959918611448463360.0000000000
5.4190476190 -8990832139984584645372018688.0000000000
5.4285714286 -8998333833402366008921948160.0000000000
5.4380952381 -9005840565654276990279090176.0000000000
5.4476190476 -9013352304459437950707433472.0000000000
5.4571428571 -9020869017812135230461444096.0000000000
5.4666666667 -9028390673978875557135253504.0000000000
5.4761904762 -9035917241495504225686257664.0000000000
5.4857142857 -9043448689164345268691271680.0000000000
5.4952380952 -9050984986051419691928256512.0000000000
5.5047619048 -9058526101483605435841773568.0000000000
5.5142857143 -9066072005045963363264233472.0000000000
5.5238095238 -9073622666578954395485995008.0000000000
5.5333333333 -9081178056175844664813813760.0000000000
5.5428571429 -9088738144179977626222329856.0000000000
5.5523809524 -9096302901182231986470649856.0000000000
5.5619047619 -9103872298018402667404984320.0000000000
5.5714285714 -9111446305766691720424062976.0000000000
5.5809523810 -9119024895745164056572461056.0000000000
5.5904761905 -9126608039509279042936242176.0000000000
5.6000000000 -9134195708849442989759528960.0000000000
5.6095238095 -9141787875788577030723862528.0000000000
5.6190476190 -9149384512579746575878717440.0000000000
5.6285714286 -9156985591703768774339461120.0000000000
5.6380952381 -9164591085866918933031813120.0000000000
5.6476190476 -9172200967998580860343287808.0000000000
5.6571428571 -9179815211249023653611831296.0000000000
5.6666666667 -9187433788987111416405164032.0000000000
5.6761904762 -9195056674798092140637323264.0000000000
5.6857142857 -9202683842481429469638688768.0000000000
5.6952380952 -9210315266048595978319036416.0000000000
5.7047619048 -9217950919720972006446858240.0000000000
5.7142857143 -9225590777927699411951943680.0000000000
5.7238095238 -9233234815303613389553532928.0000000000
5.7333333333 -9240883006687163294272192512.0000000000
5.7428571429 -9248535327118380743941685248.0000000000
5.7523809524 -9256191751836888403651067904.0000000000
5.7619047619 -9263852256279848297047261184.0000000000
5.7714285714 -9271516816080066248288763904.0000000000
5.7809523810 -9279185407063990770883100672.0000000000
5.7904761905 -9286858005249828504756813824.0000000000
5.8000000000 -9294534586845631066023133184.0000000000
5.8095238095 -9302215128247440170865917952.0000000000
5.8190476190 -9309899606037393177004998656.0000000000
5.8285714286 -9317587996981942974370807808.0000000000
5.8380952381 -9325280278030003108988321792.0000000000
5.8476190476 -9332976426311194061930758144.0000000000
5.8571428571 -9340676419134054343901184000.0000000000
5.8666666667 -9348380233984314261976907776.0000000000
5.8761904762 -9356087848523141099051548672.0000000000
5.8857142857 -9363799240585473353718956032.0000000000
5.8952380952 -9371514388178281312878067712.0000000000
5.9047619048 -9379233269478955167686590464.0000000000
5.9142857143 -9386955862833630457351897088.0000000000
5.9238095238 -9394682146755558592898662400.0000000000
5.9333333333 -9402412099923496072634171392.0000000000
5.9428571429 -9410145701180134379543855104.0000000000
5.9523809524 -9417882929530511186989154304.0000000000
5.9619047619 -9425623764140446853172822016.0000000000
5.9714285714 -9433368184335028194604220416.0000000000
5.9809523810 -9441116169597084562983223296.0000000000
5.9904761905 -9448867699565688111339929600.0000000000
6.0000000000 -9456622754034639766523215872.0000000000
6.0095238095 -9464381312951062953828810752.0000000000
6.0190476190 -9472143356413876375348314112.0000000000
6.0285714286 -9479908864672430615550754816.0000000000
6.0380952381 -9487677818125047989840904192.0000000000
6.0476190476 -9495450197317622866257117184.0000000000
6.0571428571 -9503225982942259370564517888.0000000000
6.0666666667 -9511005155835881603557490688.0000000000
6.0761904762 -9518787696978874644687749120.0000000000
6.0857142857 -9526573587493748645436588032.0000000000
6.0952380952 -9534362808643842505105735680.0000000000
6.1047619048 -9542155341831952779817517056.0000000000
6.1142857143 -9549951168599096731933605888.0000000000
6.1238095238 -9557750270623192916101693440.0000000000
6.1333333333 -9565552629717828626720751616.0000000000
6.1428571429 -9573358227830959175685373952.0000000000
6.1523809524 -9581167047043728116409171968.0000000000
6.1619047619 -9588979069569173118638882816.0000000000
6.1714285714 -9596794277751087973919621120.0000000000
6.1809523810 -9604612654062758157222936576.0000000000
6.1904761905 -9612434181105819533877182464.0000000000
6.2000000000 -9620258841609065389451378688.0000000000
6.2095238095 -9628086618427286444987908096.0000000000
6.2190476190 -9635917494540143857584046080.0000000000
6.2285714286 -9643751453051010335136284672.0000000000
6.2380952381 -9651588477185851933014884352.0000000000
6.2476190476 -9659428550292139537552375808.0000000000
6.2571428571 -9667271655837718568090206208.0000000000
6.2666666667 -9675117777409747948257935360.0000000000
6.2761904762 -9682966898713615987508248576.0000000000
6.2857142857 -9690819003571885949465919488.0000000000
6.2952380952 -9698674075923233923695378432.0000000000
6.3047619048 -9706532099821399891607814144.0000000000
6.3142857143 -9714393059434197066484547584.0000000000
6.3238095238 -9722256939042443168174833664.0000000000
6.3333333333 -9730123723039006047002951680.0000000000
6.3428571429 -9737993395927763545768329216.0000000000
6.3523809524 -9745865942322624934396821504.0000000000
6.3619047619 -9753741346946606220661751808.0000000000
6.3714285714 -9761619594630780116579385344.0000000000
6.3809523810 -9769500670313396429106708480.0000000000
6.3904761905 -9777384559038890300653174784.0000000000
6.4000000000 -9785271245956982808569184256.0000000000
6.4095238095 -9793160716321733186122940416.0000000000
6.4190476190 -9801052955490617431756374016.0000000000
6.4285714286 -9808947948923648699782922240.0000000000
6.4380952381 -9816845682182465805248102400.0000000000
6.4476190476 -9824746140929454714138918912.0000000000
6.4571428571 -9832649310926856839453736960.0000000000
6.4666666667 -9840555178035915820179128320.0000000000
6.4761904762 -9848463728216013305150439424.0000000000
6.4857142857 -9856374947523821229586776064.0000000000
6.4952380952 -9864288822112440897486454784.0000000000
6.5047619048 -9872205338230617930324770816.0000000000
6.5142857143 -9880124482221856060682010624.0000000000
6.5238095238 -9888046240523671663359819776.0000000000
6.5333333333 -9895970599666713046567354368.0000000000
6.5428571429 -9903897546274022679619043328.0000000000
6.5523809524 -9911827067060205962143989760.0000000000
6.5619047619 -9919759148830675859597688832.0000000000
6.5714285714 -9927693778480861254890029056.0000000000
6.5809523810 -9935630942995451583897010176.0000000000
6.5904761905 -9943570629447624978298044416.0000000000
6.6000000000 -9951512824998329184971390976.0000000000
6.6095238095 -9959457516895481121529135104.0000000000
6.6190476190 -9967404692473293975200989184.0000000000
6.6285714286 -9975354339151496549578571776.0000000000
6.6380952381 -9983306444434662562522464256.0000000000
6.6476190476 -9991260995911443187046023168.0000000000
6.6571428571 -9999217981253911742385225728.0000000000
6.6666666667 -10007177388216822623161548800.0000000000
6.6761904762 -10015139204636940597289025536.0000000000
6.6857142857 -10023103418432356909741768704.0000000000
6.6952380952 -10031070017601807585344749568.0000000000
6.7047619048 -10039038990223993930587832320.0000000000
6.7142857143 -10047010324456927224695619584.0000000000
6.7238095238 -10054984008537255818511253504.0000000000
6.7333333333 -10062960030779636213845327872.0000000000
6.7428571429 -10070938379576077754545733632.0000000000
6.7523809524 -10078919043395278521474482176.0000000000
6.7619047619 -10086902010782055785484517376.0000000000
6.7714285714 -10094887270356631324861661184.0000000000
6.7809523810 -10102874810814097062673514496.0000000000
6.7904761905 -10110864620923746563699769344.0000000000
6.8000000000 -10118856689528483497176465408.0000000000
6.8095238095 -10126851005544223502470479872.0000000000
6.8190476190 -10134847557959298253777272832.0000000000
6.8285714286 -10142846335833839733609332736.0000000000
6.8380952381 -10150847328299259064284610560.0000000000
6.8476190476 -10158850524557575805833576448.0000000000
6.8571428571 -10166855913880923175766720512.0000000000
6.8666666667 -10174863485610943317679276032.0000000000
6.8761904762 -10182873229158244142507098112.0000000000
6.8857142857 -10190885134001814388340686848.0000000000
6.8952380952 -10198899189688498053867110400.0000000000
6.9047619048 -10206915385832449040602628096.0000000000
6.9142857143 -10214933712114557207822991360.0000000000
6.9238095238 -10222954158281966786470477824.0000000000
6.9333333333 -10230976714147487040921403392.0000000000
6.9428571429 -10239001369589117279962923008.0000000000
6.9523809524 -10247028114549494901955887104.0000000000
6.9619047619 -10255056939035400614602342400.0000000000
6.9714285714 -10263087833117215276201410560.0000000000
6.9809523810 -10271120786928462498812133376.0000000000
6.9904761905 -10279155790665269887555862528.0000000000
7.0000000000 -10287192834585883056476782592.0000000000
7.0095238095 -10295231909010192838541967360.0000000000
7.0190476190 -10303273004319207520060047360.0000000000
7.0285714286 -10311316110954617434076610560.0000000000
7.0380952381 -10319361219418289185025425408.0000000000
7.0476190476 -10327408320271797256775008256.0000000000
7.0571428571 -10335457404135953421651935232.0000000000
7.0666666667 -10343508461690362537743220736.0000000000
7.0761904762 -10351561483672938763780096000.0000000000
7.0857142857 -10359616460879456958393876480.0000000000
7.0952380952 -10367673384163104079371829248.0000000000
7.1047619048 -10375732244434037179982807040.0000000000
7.1142857143 -10383793032658919415070326784.0000000000
7.1238095238 -10391855739860526415889825792.0000000000
7.1333333333 -10399920357117251509876162560.0000000000
7.1428571429 -10407986875562720891573895168.0000000000
7.1523809524 -10416055286385362614079193088.0000000000
7.1619047619 -10424125580827940396109660160.0000000000
7.1714285714 -10432197750187208375353212928.0000000000
7.1809523810 -10440271785813433920421625856.0000000000
7.1904761905 -10448347679110008403734298624.0000000000
7.2000000000 -10456425421533038183192723456.0000000000
7.2095238095 -10464505004590964171157274624.0000000000
7.2190476190 -10472586419844115432726331392.0000000000
7.2285714286 -10480669658904359541038645248.0000000000
7.2380952381 -10488754713434669369691996160.0000000000
7.2476190476 -10496841575148771249022304256.0000000000
7.2571428571 -10504930235810738146801352704.0000000000
7.2666666667 -10513020687234602640143810560.0000000000
7.2761904762 -10521112921283998474716577792.0000000000
7.2857142857 -10529206929871777934692319232.0000000000
7.2952380952 -10537302704959629212702998528.0000000000
7.3047619048 -10545400238557717969049223168.0000000000
7.3142857143 -10553499522724317895793311744.0000000000
7.3238095238 -10561600549565463271084916736.0000000000
7.3333333333 -10569703311234572926184325120.0000000000
7.3428571429 -10577807799932109396857847808.0000000000
7.3523809524 -10585914007905196293331353600.0000000000
7.3619047619 -10594021927447321432150769664.0000000000
7.3714285714 -10602131550897945410042593280.0000000000
7.3809523810 -10610242870642178347495325696.0000000000
7.3904761905 -10618355879110447836247883776.0000000000
7.4000000000 -10626470568778138299475689472.0000000000
7.4095238095 -10634586932165274332441870336.0000000000
7.4190476190 -10642704961836206242171715584.0000000000
7.4285714286 -10650824650399242810568998912.0000000000
7.4380952381 -10658945990506354426276478976.0000000000
7.4476190476 -10667068974852847629234077696.0000000000
7.4571428571 -10675193596177044053283569664.0000000000
7.4666666667 -10683319847259963766819782656.0000000000
7.4761904762 -10691447720924995419302264832.0000000000
7.4857142857 -10699577210037625761394851840.0000000000
7.4952380952 -10707708307505096597337800704.0000000000
7.5047619048 -10715841006276107916808290304.0000000000
7.5142857143 -10723975299340525424827432960.0000000000
7.5238095238 -10732111179729061683388219392.0000000000
7.5333333333 -10740248640513014427688108032.0000000000
7.5428571429 -10748387674803927916547670016.0000000000
7.5523809524 -10756528275753311457433878528.0000000000
7.5619047619 -10764670436552397513901998080.0000000000
7.5714285714 -10772814150431774468711907328.0000000000
7.5809523810 -10780959410661173318572310528.0000000000
7.5904761905 -10789106210549135621629149184.0000000000
7.6000000000 -10797254543442786998070280192.0000000000
7.6095238095 -10805404402727485286404587520.0000000000
7.6190476190 -10813555781826616034299215872.0000000000
7.6285714286 -10821708674201289033370304512.0000000000
7.6380952381 -10829863073350059043229532160.0000000000
7.6476190476 -10838018972808688296972517376.0000000000
7.6571428571 -10846176366149847434016063488.0000000000
7.6666666667 -10854335246982871408516792320.0000000000
7.6761904762 -10862495608953497805603733504.0000000000
7.6857142857 -10870657445743602958587658240.0000000000
7.6952380952 -10878820751070953459333201920.0000000000
7.7047619048 -10886985518688924683282153472.0000000000
7.7142857143 -10895151742386300678337200128.0000000000
7.7238095238 -10903319415986970699652661248.0000000000
7.7333333333 -10911488533349711506332188672.0000000000
7.7428571429 -10919659088367930075707867136.0000000000
7.7523809524 -10927831074969423909805359104.0000000000
7.7619047619 -10936004487116145739855560704.0000000000
7.7714285714 -10944179318803935245457424384.0000000000
7.7809523810 -10952355564062332137601236992.0000000000
7.7904761905 -10960533216954288086622142464.0000000000
7.8000000000 -10968712271575973208153653248.0000000000
7.8095238095 -10976892722056503384243961856.0000000000
7.8190476190 -10985074562557762142472241152.0000000000
7.8285714286 -10993257787274125778041700352.0000000000
7.8380952381 -11001442390432269839733096448.0000000000
7.8476190476 -11009628366290914043207090176.0000000000
7.8571428571 -11017815709140626557934501888.0000000000
7.8666666667 -11026004413303597507800989696.0000000000
7.8761904762 -11034194473133423466828005376.0000000000
7.8857142857 -11042385883014861168568172544.0000000000
7.8952380952 -11050578637363653783268098048.0000000000
7.9047619048 -11058772730626302219449794560.0000000000
7.9142857143 -11066968157279847420608380928.0000000000
7.9238095238 -11075164911831652661909782528.0000000000
7.9333333333 -11083362988819225429307031552.0000000000
7.9428571429 -11091562382809986522098434048.0000000000
7.9523809524 -11099763088401067742788059136.0000000000
7.9619047619 -11107965100219118383039250432.0000000000
7.9714285714 -11116168412920100714511859712.0000000000
7.9809523810 -11124373021189074484583202816.0000000000
7.9904761905 -11132578919740040785696915456.0000000000
8.0000000000 -11140786103315682570618798080.0000000000
8.0095238095 -11148994566687234910064738304.0000000000
8.0190476190 -11157204304654262891351900160.0000000000
8.0285714286 -11165415312044435119003402240.0000000000
8.0380952381 -11173627583713411564562284544.0000000000
8.0476190476 -11181841114544584081847353344.0000000000
8.0571428571 -11190055899448915878255525888.0000000000
8.0666666667 -11198271933364776588017664000.0000000000
8.0761904762 -11206489211257722369873018880.0000000000
8.0857142857 -11214707728120335378371575808.0000000000
8.0952380952 -11222927478972039045920587776.0000000000
8.1047619048 -11231148458858911165807853568.0000000000
8.1142857143 -11239370662853510169364529152.0000000000
8.1238095238 -11247594086054714597267472384.0000000000
8.1333333333 -11255818723587509794283454464.0000000000
8.1428571429 -11264044570602851569827315712.0000000000
8.1523809524 -11272271622277483679031754752.0000000000
8.1619047619 -11280499873813742109677584384.0000000000
8.1714285714 -11288729320439425339821654016.0000000000
8.1809523810 -11296959957407585430587572224.0000000000
8.1904761905 -11305191779996411477933162496.0000000000
8.2000000000 -11313424783508998715208630272.0000000000
8.2095238095 -11321658963273245159063552000.0000000000
8.2190476190 -11329894314641647100284108800.0000000000
8.2285714286 -11338130832991162764351242240.0000000000
8.2380952381 -11346368513723025394463932416.0000000000
8.2476190476 -11354607352262620106236887040.0000000000
8.2571428571 -11362847344059294771700563968.0000000000
8.2666666667 -11371088484586206087673282560.0000000000
8.2761904762 -11379330769340189833389146112.0000000000
8.2857142857 -11387574193841576152544575488.0000000000
8.2952380952 -11395818753634055412879720448.0000000000
8.3047619048 -11404064444284513279434293248.0000000000
8.3142857143 -11412311261382889977059213312.0000000000
8.3238095238 -11420559200542021960742207488.0000000000
8.3333333333 -11428808257397501178119454720.0000000000
8.3428571429 -11437058427607523336870952960.0000000000
8.3523809524 -11445309706852762560394952704.0000000000
8.3619047619 -11453562090836171276691701760.0000000000
8.3714285714 -11461815575282901053526245376.0000000000
8.3809523810 -11470070155940113482428448768.0000000000
8.3904761905 -11478325828576872426553475072.0000000000
8.4000000000 -11486582588983961501751574528.0000000000
8.4095238095 -11494840432973798314661117952.0000000000
8.4190476190 -11503099356380251943778385920.0000000000
8.4285714286 -11511359355058528590248280064.0000000000
8.4380952381 -11519620424885015447213178880.0000000000
8.4476190476 -11527882561757170748650160128.0000000000
8.4571428571 -11536145761593372036766367744.0000000000
8.4666666667 -11544410020332786419626934272.0000000000
8.4761904762 -11552675333935240828782903296.0000000000
8.4857142857 -11560941698381092276899151872.0000000000
8.4952380952 -11569209109671082722219524096.0000000000
8.5047619048 -11577477563826233515450564608.0000000000
8.5142857143 -11585747056887711259342929920.0000000000
8.5238095238 -11594017584916673877063499776.0000000000
8.5333333333 -11602289143994182651265155072.0000000000
8.5428571429 -11610561730221065884644933632.0000000000
8.5523809524 -11618835339717764968316141568.0000000000
8.5619047619 -11627109968624246420878131200.0000000000
8.5714285714 -11635385613099865548974456832.0000000000
8.5809523810 -11643662269323252098083586048.0000000000
8.5904761905 -11651939933492182709170077696.0000000000
8.6000000000 -11660218601823455574359015424.0000000000
8.6095238095 -11668498270552780485773230080.0000000000
8.6190476190 -11676778935934657889254244352.0000000000
8.6285714286 -11685060594242268933199495168.0000000000
8.6380952381 -11693343241767347925213511680.0000000000
8.6476190476 -11701626874820067982898626560.0000000000
8.6571428571 -11709911489728937679761965056.0000000000
8.6666666667 -11718197082840675700889878528.0000000000
8.6761904762 -11726483650520105289831677952.0000000000
8.6857142857 -11734771189150035501343834112.0000000000
8.6952380952 -11743059695131160046320222208.0000000000
8.7047619048 -11751349164881931947466555392.0000000000
8.7142857143 -11759639594838473379346907136.0000000000
8.7238095238 -11767930981454443726988378112.0000000000
8.7333333333 -11776223321200958222020640768.0000000000
8.7428571429 -11784516610566462598350372864.0000000000
8.7523809524 -11792810846056620941975224320.0000000000
8.7619047619 -11801106024194236526146617344.0000000000
8.7714285714 -11809402141519115471927902208.0000000000
8.7809523810 -11817699194587998578473435136.0000000000
8.7904761905 -11825997179974411789447200768.0000000000
8.8000000000 -11834296094268622212557701120.0000000000
8.8095238095 -11842595934077457799651000320.0000000000
8.8190476190 -11850896696024307346710724608.0000000000
8.8285714286 -11859198376748920382741807104.0000000000
8.8380952381 -11867500972907374184421654528.0000000000
8.8476190476 -11875804481171963824937369600.0000000000
8.8571428571 -11884108898231052640404373504.0000000000
8.8666666667 -11892414220789070030843150336.0000000000
8.8761904762 -11900720445566322344179269632.0000000000
8.8857142857 -11909027569298948895778275328.0000000000
8.8952380952 -11917335588738801022166630400.0000000000
8.9047619048 -11925644500653376110334050304.0000000000
8.9142857143 -11933954301825716442663747584.0000000000
8.9238095238 -11942264989054268459444076544.0000000000
8.9333333333 -11950576559152854171566211072.0000000000
8.9428571429 -11958889008950563408384622592.0000000000
8.9523809524 -11967202335291630672414769152.0000000000
8.9619047619 -11975516535035380163751706624.0000000000
8.9714285714 -11983831605056120226953822208.0000000000
8.9809523810 -11992147542243039996949823488.0000000000
8.9904761905 -12000464343500167617596882944.0000000000
9.0000000000 -12008782005746222907122515968.0000000000
9.0095238095 -12017100525914584372775747584.0000000000
9.0190476190 -12025419900953148473338757120.0000000000
9.0285714286 -12033740127824298832801300480.0000000000
9.0380952381 -12042061203504778697011888128.0000000000
9.0476190476 -12050383124985618365910351872.0000000000
9.0571428571 -12058705889272056028690644992.0000000000
9.0666666667 -12067029493383458598963642368.0000000000
9.0761904762 -12075353934353238151873429504.0000000000
9.0857142857 -12083679209228730977818247168.0000000000
9.0952380952 -12092005315071175592217935872.0000000000
9.1047619048 -12100332248955602784351158272.0000000000
9.1142857143 -12108660007970736661308899328.0000000000
9.1238095238 -12116988589218946269482844160.0000000000
9.1333333333 -12125317989816157633635155968.0000000000
9.1428571429 -12133648206891741606712442880.0000000000
9.1523809524 -12141979237588502874729480192.0000000000
9.1619047619 -12150311079062539219280855040.0000000000
9.1714285714 -12158643728483182143913066496.0000000000
9.1809523810 -12166977183032928704403603456.0000000000
9.1904761905 -12175311439907368940993511424.0000000000
9.2000000000 -12183646496315102315503681536.0000000000
9.2095238095 -12191982349477656347474395136.0000000000
9.2190476190 -12200318996629416245421146112.0000000000
9.2285714286 -12208656435017556737113718784.0000000000
9.2380952381 -12216994661901958506692476928.0000000000
9.2476190476 -12225333674555146622017208320.0000000000
9.2571428571 -12233673470262204772760158208.0000000000
9.2666666667 -12242014046320720294824640512.0000000000
9.2761904762 -12250355400040680816252026880.0000000000
9.2857142857 -12258697528744443470896168960.0000000000
9.2952380952 -12267040429766635942376898560.0000000000
9.3047619048 -12275384100454094891428872192.0000000000
9.3142857143 -12283728538165797786180648960.0000000000
9.3238095238 -12292073740272790334387257344.0000000000
9.3333333333 -12300419704158124910779039744.0000000000
9.3428571429 -12308766427216757202968641536.0000000000
9.3523809524 -12317113906855550609497522176.0000000000
9.3619047619 -12325462140493133303324344320.0000000000
9.3714285714 -12333811125559878440615673856.0000000000
9.3809523810 -12342160859497820597862268928.0000000000
9.3904761905 -12350511339760585403134902272.0000000000
9.4000000000 -12358862563813325764409950208.0000000000
9.4095238095 -12367214529132682287150792704.0000000000
9.4190476190 -12375567233206671124121780224.0000000000
9.4285714286 -12383920673534666383202189312.0000000000
9.4380952381 -12392274847627303370362978304.0000000000
9.4476190476 -12400629753006430211155165184.0000000000
9.4571428571 -12408985387205033083919138816.0000000000
9.4666666667 -12417341747767198836389314560.0000000000
9.4761904762 -12425698832248029223787167744.0000000000
9.4857142857 -12434056638213588132263100416.0000000000
9.4952380952 -12442415163240835608198774784.0000000000
9.5047619048 -12450774404917559688486191104.0000000000
9.5142857143 -12459134360842352211271876608.0000000000
9.5238095238 -12467495028624485670654574592.0000000000
9.5333333333 -12475856405883924211801522176.0000000000
9.5428571429 -12484218490251220276855439360.0000000000
9.5523809524 -12492581279367450833260118016.0000000000
9.5619047619 -12500944770884186587434844160.0000000000
9.5714285714 -12509308962463430412123242496.0000000000
9.5809523810 -12517673851777513992300265472.0000000000
9.5904761905 -12526039436509130810521026560.0000000000
9.6000000000 -12534405714351175618223144960.0000000000
9.6095238095 -12542772683006764226936045568.0000000000
9.6190476190 -12551140340189138950280970240.0000000000
9.6285714286 -12559508683621624623505866752.0000000000
9.6380952381 -12567877711037589021066788864.0000000000
9.6476190476 -12576247420180339502534885376.0000000000
9.6571428571 -12584617808803134007712677888.0000000000
9.6666666667 -12592988874669060110355005440.0000000000
9.6761904762 -12601360615551041615238791168.0000000000
9.6857142857 -12609733029231737403093286912.0000000000
9.6952380952 -12618106113503521639390773248.0000000000
9.7047619048 -12626479866168402410486104064.0000000000
9.7142857143 -12634854285037984340221362176.0000000000
9.7238095238 -12643229367933433405553770496.0000000000
9.7333333333 -12651605112685384577578958848.0000000000
9.7428571429 -12659981517133922030321664000.0000000000
9.7523809524 -12668358579128519767107829760.0000000000
9.7619047619 -12676736296527973450843684864.0000000000
9.7714285714 -12685114667200400404015742976.0000000000
9.7809523810 -12693493689023118662411747328.0000000000
9.7904761905 -12701873359882640378050904064.0000000000
9.8000000000 -12710253677674630037742026752.0000000000
9.8095238095 -12718634640303823099223080960.0000000000
9.8190476190 -12727016245683997403858862080.0000000000
9.8285714286 -12735398491737929196175884288.0000000000
9.8380952381 -12743781376397324954141458432.0000000000
9.8476190476 -12752164897602781806745092096.0000000000
9.8571428571 -12760549053303754548649656320.0000000000
9.8666666667 -12768933841458483072423952384.0000000000
9.8761904762 -12777319260033990169519456256.0000000000
9.8857142857 -12785705307005949588874985472.0000000000
9.8952380952 -12794091980358727818358554624.0000000000
9.9047619048 -12802479278085298322860408832.0000000000
9.9142857143 -12810867198187204160897679360.0000000000
9.9238095238 -12819255738674487615870205952.0000000000
9.9333333333 -12827644897565687997037281280.0000000000
9.9428571429 -12836034672887751479564173312.0000000000
9.9523809524 -12844425062676042099638403072.0000000000
9.9619047619 -12852816064974234002330222592.0000000000
9.9714285714 -12861207677834296048429826048.0000000000
9.9809523810 -12869599899316474222261305344.0000000000
9.9904761905 -12877992727489210267822194688.0000000000
10.0000000000 -12886386160429091111248592896.0000000000
10.0095238095 -12894780196220857656908185600.0000000000
10.0190476190 -12903174832957316826470023168.0000000000
10.0285714286 -12911570068739297578439409664.0000000000
10.0380952381 -12919965901675635514995113984.0000000000
10.0476190476 -12928362329883142095663792128.0000000000
10.0571428571 -12936759351486483691040931840.0000000000
10.0666666667 -12945156964618249752511774720.0000000000
10.0761904762 -12953555167418818671832727552.0000000000
10.0857142857 -12961953958036386368433684480.0000000000
10.0952380952 -12970353334626873930441293824.0000000000
10.1047619048 -12978753295353914420539424768.0000000000
10.1142857143 -12987153838388797900387778560.0000000000
10.1238095238 -12995554961910460435505610752.0000000000
10.1333333333 -13003956664105398333364764672.0000000000
10.1428571429 -13012358943167676939482693632.0000000000
10.1523809524 -13020761797298847074538749952.0000000000
10.1619047619 -13029165224707953830467207168.0000000000
10.1714285714 -13037569223611446410503782400.0000000000
10.1809523810 -13045973792233171532115869696.0000000000
10.1904761905 -13054378928804338242630451200.0000000000
10.2000000000 -13062784631563456346582941696.0000000000
10.2095238095 -13071190898756321012554399744.0000000000
10.2190476190 -13079597728635977588799438848.0000000000
10.2285714286 -13088005119462649035478794240.0000000000
10.2380952381 -13096413069503720531496534016.0000000000
10.2476190476 -13104821577033750469616336896.0000000000
10.2571428571 -13113230640334345112135925760.0000000000
10.2666666667 -13121640257694173984049856512.0000000000
10.2761904762 -13130050427408921494537895936.0000000000
10.2857142857 -13138461147781286936965021696.0000000000
10.2952380952 -13146872417120872338695389184.0000000000
10.3047619048 -13155284233744222043510931456.0000000000
10.3142857143 -13163696595974743546774159360.0000000000
10.3238095238 -13172109502142687704218861568.0000000000
10.3333333333 -13180522950585117945624526848.0000000000
10.3428571429 -13188936939645850901188444160.0000000000
10.3523809524 -13197351467675471794688491520.0000000000
10.3619047619 -13205766533031237686459891712.0000000000
10.3714285714 -13214182134077088468511490048.0000000000
10.3809523810 -13222598269183609481130409984.0000000000
10.3904761905 -13231014936727978736323919872.0000000000
10.4000000000 -13239432135093920738331066368.0000000000
10.4095238095 -13247849862671737269948252160.0000000000
10.4190476190 -13256268117858201839412969472.0000000000
10.4285714286 -13264686899056553083334033408.0000000000
10.4380952381 -13273106204676501363761348608.0000000000
10.4476190476 -13281526033134125414092898304.0000000000
10.4571428571 -13289946382851892130284044288.0000000000
10.4666666667 -13298367252258605993312649216.0000000000
10.4761904762 -13306788639789376083830243328.0000000000
10.4857142857 -13315210543885598489975980032.0000000000
10.4952380952 -13323632962994899132771991552.0000000000
10.5047619048 -13332055895571133766123388928.0000000000
10.5142857143 -13340479340074337399283384320.0000000000
10.5238095238 -13348903294970678117364924416.0000000000
10.5333333333 -13357327758732479071573245952.0000000000
10.5428571429 -13365752729838110727066353664.0000000000
10.5523809524 -13374178206772054634629431296.0000000000
10.5619047619 -13382604188024778086349275136.0000000000
10.5714285714 -13391030672092778096079405056.0000000000
10.5809523810 -13399457657478511030695886848.0000000000
10.5904761905 -13407885142690368420841521152.0000000000
10.6000000000 -13416313126242665965809565696.0000000000
10.6095238095 -13424741606655595155032113152.0000000000
10.6190476190 -13433170582455196879801024512.0000000000
10.6285714286 -13441600052173346040105140224.0000000000
10.6380952381 -13450030014347698768072146944.0000000000
10.6476190476 -13458460467521699025038344192.0000000000
10.6571428571 -13466891410244510431827722240.0000000000
10.6666666667 -13475322841071011870705451008.0000000000
10.6761904762 -13483754758561766699052302336.0000000000
10.6857142857 -13492187161283000759132094464.0000000000
10.6952380952 -13500620047806547402510303232.0000000000
10.7047619048 -13509053416709851888100573184.0000000000
10.7142857143 -13517487266575940595839139840.0000000000
10.7238095238 -13525921595993352856963907584.0000000000
10.7333333333 -13534356403556178337409794048.0000000000
10.7428571429 -13542791687863984470041296896.0000000000
10.7523809524 -13551227447521796663443193856.0000000000
10.7619047619 -13559663681140087306804264960.0000000000
10.7714285714 -13568100387334729590428925952.0000000000
10.7809523810 -13576537564726988709644206080.0000000000
10.7904761905 -13584975211943488879450914816.0000000000
10.8000000000 -13593413327616175951128297472.0000000000
10.8095238095 -13601851910382315213210779648.0000000000
10.8190476190 -13610290958884432017860067328.0000000000
10.8285714286 -13618730471770335970120957952.0000000000
10.8380952381 -13627170447693046161130651648.0000000000
10.8476190476 -13635610885310786770072240128.0000000000
10.8571428571 -13644051783286962874918895616.0000000000
10.8666666667 -13652493140290145059271081984.0000000000
10.8761904762 -13660934954994016635798421504.0000000000
10.8857142857 -13669377226077380243309461504.0000000000
10.8952380952 -13677819952224105070193541120.0000000000
10.9047619048 -13686263132123118058327769088.0000000000
10.9142857143 -13694706764468397306007257088.0000000000
10.9238095238 -13703150847958910495293964288.0000000000
10.9333333333 -13711595381298595100807397376.0000000000
10.9428571429 -13720040363196378180933910528.0000000000
10.9523809524 -13728485792366103810059272192.0000000000
10.9619047619 -13736931667526535277591920640.0000000000
10.9714285714 -13745377987401326500660641792.0000000000
10.9809523810 -13753824750718984640719224832.0000000000
10.9904761905 -13762271956212885496709251072.0000000000
11.0000000000 -13770719602621198738269405184.0000000000
11.0095238095 -13779167688686885706712219648.0000000000
11.0190476190 -13787616213157712609163608064.0000000000
11.0285714286 -13796065174786173552748920832.0000000000
11.0380952381 -13804514572329494942639456256.0000000000
11.0476190476 -13812964404549606894750138368.0000000000
11.0571428571 -13821414670213132240623239168.0000000000
11.0666666667 -13829865368091362338172567552.0000000000
11.0761904762 -13838316496960195499032313856.0000000000
11.0857142857 -13846768055600180969022160896.0000000000
11.0952380952 -13855220042796455156472872960.0000000000
11.1047619048 -13863672457338730637110018048.0000000000
11.1142857143 -13872125298021247775542345728.0000000000
11.1238095238 -13880578563642829700843175936.0000000000
11.1333333333 -13889032253006763559294599168.0000000000
11.1428571429 -13897486364920831300713054208.0000000000
11.1523809524 -13905940898197316275519094784.0000000000
11.1619047619 -13914395851652913074783911936.0000000000
11.1714285714 -13922851224108764913624678400.0000000000
11.1809523810 -13931307014390408655623159808.0000000000
11.1904761905 -13939763221327770414779203584.0000000000
11.2000000000 -13948219843755136968208416768.0000000000
11.2095238095 -13956676880511153557118910464.0000000000
11.2190476190 -13965134330438768911229911040.0000000000
11.2285714286 -13973592192385250641934548992.0000000000
11.2380952381 -13982050465202156654997536768.0000000000
11.2476190476 -13990509147745277975950524416.0000000000
11.2571428571 -13998968238874695924696743936.0000000000
11.2666666667 -14007427737454676562394742784.0000000000
11.2761904762 -14015887642353703676807217152.0000000000
11.2857142857 -14024347952444463389138223104.0000000000
11.2952380952 -14032808666603780382358765568.0000000000
11.3047619048 -14041269783712646488509120512.0000000000
11.3142857143 -14049731302656192101396512768.0000000000
11.3238095238 -14058193222323609210781171712.0000000000
11.3333333333 -14066655541608232766236786688.0000000000
11.3428571429 -14075118259407443920127262720.0000000000
11.3523809524 -14083581374622685420769509376.0000000000
11.3619047619 -14092044886159424229038096384.0000000000
11.3714285714 -14100508792927138324225720320.0000000000
11.3809523810 -14108973093839332097205993472.0000000000
11.3904761905 -14117437787813457185596243968.0000000000
11.4000000000 -14125902873770932264966815744.0000000000
11.4095238095 -14134368350637134252748046336.0000000000
11.4190476190 -14142834217341363123858178048.0000000000
11.4285714286 -14151300472816789134145224704.0000000000
11.4380952381 -14159767116000525388154404864.0000000000
11.4476190476 -14168234145833515688942108672.0000000000
11.4571428571 -14176701561260582916587520000.0000000000
11.4666666667 -14185169361230363057494949888.0000000000
11.4761904762 -14193637544695327194626392064.0000000000
11.4857142857 -14202106110611755119222456320.0000000000
11.4952380952 -14210575057939675957174468608.0000000000
11.5047619048 -14219044385642923144605859840.0000000000
11.5142857143 -14227514092689068457174499328.0000000000
11.5238095238 -14235984178049402218863394816.0000000000
11.5333333333 -14244454640698955292213248000.0000000000
11.5428571429 -14252925479616435306648043520.0000000000
11.5523809524 -14261396693784237653591326720.0000000000
11.5619047619 -14269868282188445486466203648.0000000000
11.5714285714 -14278340243818761550974418944.0000000000
11.5809523810 -14286812577668547767514955776.0000000000
11.5904761905 -14295285282734748265370091520.0000000000
11.6000000000 -14303758358017946557310042112.0000000000
11.6095238095 -14312231802522290772802273280.0000000000
11.6190476190 -14320705615255495857034756096.0000000000
11.6285714286 -14329179795228841371892711424.0000000000
11.6380952381 -14337654341457127515493498880.0000000000
11.6476190476 -14346129252958690515349405696.0000000000
11.6571428571 -14354604528755354249856024576.0000000000
11.6666666667 -14363080167872454437548064768.0000000000
11.6761904762 -14371556169338781462494707712.0000000000
11.6857142857 -14380032532186597966485651456.0000000000
11.6952380952 -14388509255451597067589255168.0000000000
11.7047619048 -14396986338172902360152539136.0000000000
11.7142857143 -14405463779393076710894206976.0000000000
11.7238095238 -14413941578158018904811634688.0000000000
11.7333333333 -14422419733517075795366903808.0000000000
11.7428571429 -14430898244522938950393790464.0000000000
11.7523809524 -14439377110231624860888465408.0000000000
11.7619047619 -14447856329702525518544371712.0000000000
11.7714285714 -14456335901998338047008047104.0000000000
11.7809523810 -14464815826185069099925635072.0000000000
11.7904761905 -14473296101332012870710329344.0000000000
11.8000000000 -14481776726511775281798184960.0000000000
11.8095238095 -14490257700800175028601618432.0000000000
11.8190476190 -14498739023276318346300096512.0000000000
11.8285714286 -14507220693022548432305258496.0000000000
11.8380952381 -14515702709124392669702782976.0000000000
11.8476190476 -14524185070670635195019821056.0000000000
11.8571428571 -14532667776753231136318029824.0000000000
11.8666666667 -14541150826467311011240083456.0000000000
11.8761904762 -14549634218911171930916651008.0000000000
11.8857142857 -14558117953186273201919885312.0000000000
11.8952380952 -14566602028397207738961100800.0000000000
11.9047619048 -14575086443651680074658217984.0000000000
11.9142857143 -14583571198060539344884596736.0000000000
11.9238095238 -14592056290737680332722536448.0000000000
11.9333333333 -14600541720800135827440009216.0000000000
11.9428571429 -14609027487367984265513926656.0000000000
11.9523809524 -14617513589564349730630139904.0000000000
11.9619047619 -14626000026515410749776461824.0000000000
11.9714285714 -14634486797350384900079878144.0000000000
11.9809523810 -14642973901201511216620503040.0000000000
11.9904761905 -14651461337204010610012979200.0000000000
12.0000000000 -14659949104496099060546011136.0000000000
12.0095238095 -14668437202218998613298642944.0000000000
12.0190476190 -14676925629516869208419336192.0000000000
12.0285714286 -14685414385536828472335269888.0000000000
12.0380952381 -14693903469428940722636062720.0000000000
12.0476190476 -14702392880346205972957495296.0000000000
12.0571428571 -14710882617444518151539654656.0000000000
12.0666666667 -14719372679882680494389723136.0000000000
12.0761904762 -14727863066822403346258722816.0000000000
12.0857142857 -14736353777428253583106637824.0000000000
12.0952380952 -14744844810867674403311714304.0000000000
12.1047619048 -14753336166310961138414649344.0000000000
12.1142857143 -14761827842931234864839524352.0000000000
12.1238095238 -14770319839904473190219382784.0000000000
12.1333333333 -14778812156409455277814841344.0000000000
12.1428571429 -14787304791627744254328045568.0000000000
12.1523809524 -14795797744743739986460803072.0000000000
12.1619047619 -14804291014944582323891339264.0000000000
12.1714285714 -14812784601420214870948708352.0000000000
12.1809523810 -14821278503363303622752337920.0000000000
12.1904761905 -14829772719969280945677139968.0000000000
12.2000000000 -14838267250436310392981422080.0000000000
12.2095238095 -14846762093965275709690609664.0000000000
12.2190476190 -14855257249759774235527479296.0000000000
12.2285714286 -14863752717026088317609836544.0000000000
12.2380952381 -14872248494973220494822604800.0000000000
12.2476190476 -14880744582812794541771325440.0000000000
12.2571428571 -14889240979759165419944935424.0000000000
12.2666666667 -14897737685029289535343689728.0000000000
12.2761904762 -14906234697842797306246594560.0000000000
12.2857142857 -14914732017421931590560251904.0000000000
12.2952380952 -14923229642991556481911881728.0000000000
12.3047619048 -14931727573779161707695833088.0000000000
12.3142857143 -14940225809014807653492195328.0000000000
12.3238095238 -14948724347931184736694697984.0000000000
12.3333333333 -14957223189763510052417699840.0000000000
12.3428571429 -14965722333749606538333388800.0000000000
12.3523809524 -14974221779129839202997370880.0000000000
12.3619047619 -14982721525147097533662625792.0000000000
12.3714285714 -14991221571046832879674851328.0000000000
12.3809523810 -14999721916076996879821307904.0000000000
12.3904761905 -15008222559488087641819185152.0000000000
12.4000000000 -15016723500533052985292357632.0000000000
12.4095238095 -15025224738467382800748118016.0000000000
12.4190476190 -15033726272549018889623699456.0000000000
12.4285714286 -15042228102038383551588597760.0000000000
12.4380952381 -15050730226198366390405038080.0000000000
12.4476190476 -15059232644294284731509374976.0000000000
12.4571428571 -15067735355593923204430692352.0000000000
12.4666666667 -15076238359367472170139648000.0000000000
12.4761904762 -15084741654887560706397306880.0000000000
12.4857142857 -15093245241429221423383052288.0000000000
12.4952380952 -15101749118269886065648074752.0000000000
12.5047619048 -15110253284689372317975838720.0000000000
12.5142857143 -15118757739969892601475104768.0000000000
12.5238095238 -15127262483396003496045051904.0000000000
12.5333333333 -15135767514254658516933410816.0000000000
12.5428571429 -15144272831835126750876008448.0000000000
12.5523809524 -15152778435429036836561879040.0000000000
12.5619047619 -15161284324330343979284430848.0000000000
12.5714285714 -15169790497835338747034468352.0000000000
12.5809523810 -15178296955242598691988570112.0000000000
12.5904761905 -15186803695853019136834666496.0000000000
12.6000000000 -15195310718969795582585995264.0000000000
12.6095238095 -15203818023898399519325290496.0000000000
12.6190476190 -15212325609946567431088504832.0000000000
12.6285714286 -15220833476424331582190387200.0000000000
12.6380952381 -15229341622643940852387282944.0000000000
12.6476190476 -15237850047919915712458522624.0000000000
12.6571428571 -15246358751569008641787822080.0000000000
12.6666666667 -15254867732910204128363282432.0000000000
12.6761904762 -15263376991264709872684367872.0000000000
12.6857142857 -15271886525955917205343305728.0000000000
12.6952380952 -15280396336309460460652986368.0000000000
12.7047619048 -15288906421653144408879529984.0000000000
12.7142857143 -15297416781316948654288797696.0000000000
12.7238095238 -15305927414633036431239413760.0000000000
12.7333333333 -15314438320935748007112998912.0000000000
12.7428571429 -15322949499561574294035103744.0000000000
12.7523809524 -15331460949849130460596142080.0000000000
12.7619047619 -15339972671139221902549057536.0000000000
12.7714285714 -15348484662774740888716312576.0000000000
12.7809523810 -15356996924100708342431744000.0000000000
12.7904761905 -15365509454464293632749862912.0000000000
12.8000000000 -15374022253214722215469121536.0000000000
12.8095238095 -15382535319703348200899346432.0000000000
12.8190476190 -15391048653283614771443138560.0000000000
12.8285714286 -15399562253311034390386573312.0000000000
12.8380952381 -15408076119143182204829433856.0000000000
12.8476190476 -15416590250139731230057299968.0000000000
12.8571428571 -15425104645662368786657837056.0000000000
12.8666666667 -15433619305074853675125440512.0000000000
12.8761904762 -15442134227742985389535657984.0000000000
12.8857142857 -15450649413034573331219611648.0000000000
12.8952380952 -15459164860319478590205853696.0000000000
12.9047619048 -15467680568969541377452933120.0000000000
12.9142857143 -15476196538358642597500551168.0000000000
12.9238095238 -15484712767862640076795150336.0000000000
12.9333333333 -15493229256859394951968980992.0000000000
12.9428571429 -15501746004728732087421501440.0000000000
12.9523809524 -15510263010852468662621700096.0000000000
12.9619047619 -15518780274614389982852284416.0000000000
12.9714285714 -15527297795400227488977125376.0000000000
12.9809523810 -15535815572597674150604046336.0000000000
12.9904761905 -15544333605596364674875523072.0000000000
13.0000000000 -15552851893787849118189617152.0000000000
13.0095238095 -15561370436565643463734853632.0000000000
13.0190476190 -15569889233325150456653021184.0000000000
13.0285714286 -15578408283463703584504283136.0000000000
13.0380952381 -15586927586380547286057877504.0000000000
13.0476190476 -15595447141476792970827005952.0000000000
13.0571428571 -15603966948155484989766500352.0000000000
13.0666666667 -15612487005821514873365856256.0000000000
13.0761904762 -15621007313881656516021321728.0000000000
13.0857142857 -15629527871744579370175430656.0000000000
13.0952380952 -15638048678820773679526313984.0000000000
13.1047619048 -15646569734522607653632344064.0000000000
13.1142857143 -15655091038264303278656323584.0000000000
13.1238095238 -15663612589461883540807352320.0000000000
13.1333333333 -15672134387533242795085004800.0000000000
13.1428571429 -15680656431898078595558408192.0000000000
13.1523809524 -15689178721977920282668564480.0000000000
13.1619047619 -15697701257196082803739983872.0000000000
13.1714285714 -15706224036977710693445795840.0000000000
13.1809523810 -15714747060749740690412404736.0000000000
13.1904761905 -15723270327940884145033445376.0000000000
13.2000000000 -15731793837981640213609316352.0000000000
13.2095238095 -15740317590304282664207646720.0000000000
13.2190476190 -15748841584342859876663296000.0000000000
13.2285714286 -15757365819533179449415565312.0000000000
13.2380952381 -15765890295312803801461686272.0000000000
13.2476190476 -15774415011121036978217287680.0000000000
13.2571428571 -15782939966398924651516395520.0000000000
13.2666666667 -15791465160589251920588177408.0000000000
13.2761904762 -15799990593136536714987175936.0000000000
13.2857142857 -15808516263486996809244475392.0000000000
13.2952380952 -15817042171088585007239790592.0000000000
13.3047619048 -15825568315390960554899144704.0000000000
13.3142857143 -15834094695845469348985569280.0000000000
13.3238095238 -15842621311905157131238637568.0000000000
13.3333333333 -15851148163024760692281442304.0000000000
13.3428571429 -15859675248660701274550829056.0000000000
13.3523809524 -15868202568271071378157862912.0000000000
13.3619047619 -15876730121315621566748295168.0000000000
13.3714285714 -15885257907255784656758374400.0000000000
13.3809523810 -15893785925554633935972990976.0000000000
13.3904761905 -15902314175676889760595443712.0000000000
13.4000000000 -15910842657088932749386973184.0000000000
13.4095238095 -15919371369258764201248161792.0000000000
13.4190476190 -15927900311656014891311955968.0000000000
13.4285714286 -15936429483751956066059943936.0000000000
13.4380952381 -15944958885019453263833989120.0000000000
13.4476190476 -15953488514933003698231574528.0000000000
13.4571428571 -15962018372968707670803480576.0000000000
13.4666666667 -15970548458604253177890996224.0000000000
13.4761904762 -15979078771318926905742196736.0000000000
13.4857142857 -15987609310593607633442177024.0000000000
13.4952380952 -15996140075910750839750262784.0000000000
13.5047619048 -16004671066754379907006988288.0000000000
13.5142857143 -16013202282610116907459674112.0000000000
13.5238095238 -16021733722965101239401971712.0000000000
13.5333333333 -16030265387308068792011063296.0000000000
13.5428571429 -16038797275129290372696506368.0000000000
13.5523809524 -16047329385920573906123489280.0000000000
13.5619047619 -16055861719175286424445386752.0000000000
13.5714285714 -16064394274388318882931671040.0000000000
13.5809523810 -16072927051056086159967911936.0000000000
13.5904761905 -16081460048676544649241821184.0000000000
13.6000000000 -16089993266749121890999074816.0000000000
13.6095238095 -16098526704774813329066557440.0000000000
13.6190476190 -16107060362256078956759351296.0000000000
13.6285714286 -16115594238696900491485380608.0000000000
13.6380952381 -16124128333602746190373322752.0000000000
13.6476190476 -16132662646480564253202841600.0000000000
13.6571428571 -16141197176838787220451098624.0000000000
13.6666666667 -16149731924187340769385775104.0000000000
13.6761904762 -16158266888037608529692983296.0000000000
13.6857142857 -16166802067902449675663310848.0000000000
13.6952380952 -16175337463296150547680198656.0000000000
13.7047619048 -16183873073734503817057140736.0000000000
13.7142857143 -16192408898734711729014439936.0000000000
13.7238095238 -16200944937815449874353618944.0000000000
13.7333333333 -16209481190496803417783009280.0000000000
13.7428571429 -16218017656300304481313095680.0000000000
13.7523809524 -16226554334748925547186749440.0000000000
13.7619047619 -16235091225367050870576906240.0000000000
13.7714285714 -16243628327680463285447032832.0000000000
13.7809523810 -16252165641216394782086004736.0000000000
13.7904761905 -16260703165503451740317417472.0000000000
13.8000000000 -16269240900071672104104230912.0000000000
13.8095238095 -16277778844452433022572036096.0000000000
13.8190476190 -16286316998178595985543921664.0000000000
13.8285714286 -16294855360784324304610263040.0000000000
13.8380952381 -16303393931805195263314755584.0000000000
13.8476190476 -16311932710778180325945114624.0000000000
13.8571428571 -16320471697241574768788897792.0000000000
13.8666666667 -16329010890735081243017216000.0000000000
13.8761904762 -16337550290799752600080089088.0000000000
13.8857142857 -16346089896977976498543656960.0000000000
13.8952380952 -16354629708813514986508779520.0000000000
13.9047619048 -16363169725851484710401736704.0000000000
13.9142857143 -16371709947638295342323073024.0000000000
13.9238095238 -16380250373721741939024330752.0000000000
13.9333333333 -16388791003650932374140616704.0000000000
13.9428571429 -16397331836976298333306880000.0000000000
13.9523809524 -16405872873249593115134656512.0000000000
13.9619047619 -16414414112023871840002768896.0000000000
13.9714285714 -16422955552853544226615459840.0000000000
13.9809523810 -16431497195294277834979147776.0000000000
13.9904761905 -16440039038903066236123348992.0000000000
14.0000000000 -16448581083238204822844866560.0000000000
14.0095238095 -16457123327859257824358957056.0000000000
14.0190476190 -16465665772327102286764441600.0000000000
14.0285714286 -16474208416203890689648361472.0000000000
14.0380952381 -16482751259053042149992955904.0000000000
14.0476190476 -16491294300439257815338450944.0000000000
14.0571428571 -16499837539928503271597015040.0000000000
14.0666666667 -16508380977088028334262059008.0000000000
14.0761904762 -16516924611486314271850102784.0000000000
14.0857142857 -16525468442693117786365886464.0000000000
14.0952380952 -16534012470279435828930281472.0000000000
14.1047619048 -16542556693817499002710523904.0000000000
14.1142857143 -16551101112880824339478347776.0000000000
14.1238095238 -16559645727044103149423951872.0000000000
14.1333333333 -16568190535883299977202499584.0000000000
14.1428571429 -16576735538975608621469007872.0000000000
14.1523809524 -16585280735899438940738813952.0000000000
14.1619047619 -16593826126234410256317808640.0000000000
14.1714285714 -16602371709561349153279180800.0000000000
14.1809523810 -16610917485462326863858761728.0000000000
14.1904761905 -16619463453520597694803869696.0000000000
14.2000000000 -16628009613320616619559354368.0000000000
14.2095238095 -16636555964448032681197830144.0000000000
14.2190476190 -16645102506489719778745253888.0000000000
14.2285714286 -16653649239033695303320469504.0000000000
14.2380952381 -16662196161669183909809618944.0000000000
14.2476190476 -16670743273986584531517308928.0000000000
14.2571428571 -16679290575577490171375910912.0000000000
14.2666666667 -16687838066034635125387427840.0000000000
14.2761904762 -16696385744951958754297905152.0000000000
14.2857142857 -16704933611924508726574186496.0000000000
