0.9047619048 109414.7162305060
0.9142857143 109414.7195528254
0.9238095238 109414.7231001996
0.9333333333 109414.7268488405
0.9428571429 109414.7307769404
0.9523809524 109414.7348645118
0.9619047619 109414.7390932417
0.9714285714 109414.7434463548
0.9809523810 109414.7479084881
0.9904761905 109414.7524655800
1.0000000000 109414.7571047533
1.0095238095 109414.7618142397
1.0190476190 109414.7665832655
1.0285714286 109414.7714019874
1.0380952381 109414.7762614084
1.0476190476 109414.7811533121
1.0571428571 109414.7860701977
1.0666666667 109414.7910052238
1.0761904762 109414.7959521514
1.0857142857 109414.8009052980
1.0952380952 109414.8058594902
1.1047619048 109414.8108100240
1.1142857143 109414.8157526252
1.1238095238 109414.8206834152
1.1333333333 109414.8255988790
1.1428571429 109414.8304958355
1.1523809524 109414.8353714101
1.1619047619 109414.8402230101
1.1714285714 109414.8450483016
1.1809523810 109414.8498451891
1.1904761905 109414.8546117954
1.2000000000 109414.8593464436
1.2095238095 109414.8640476420
1.2190476190 109414.8687140675
1.2285714286 109414.8733445529
1.2380952381 109414.8779380734
1.2476190476 109414.8824937356
1.2571428571 109414.8870107661
1.2666666667 109414.8914885014
1.2761904762 109414.8959263797
1.2857142857 109414.9003239313
1.2952380952 109414.9046807718
1.3047619048 109414.9089965941
1.3142857143 109414.9132711627
1.3238095238 109414.9175043066
1.3333333333 109414.9216959149
1.3428571429 109414.9258459300
1.3523809524 109414.9299543452
1.3619047619 109414.9340211977
1.3714285714 109414.9380465663
1.3809523810 109414.9420305673
1.3904761905 109414.9459733504
1.4000000000 109414.9498750968
1.4095238095 109414.9537360148
1.4190476190 109414.9575563384
1.4285714286 109414.9613363239
1.4380952381 109414.9650762482
1.4476190476 109414.9687764064
1.4571428571 109414.9724371099
1.4666666667 109414.9760586848
1.4761904762 109414.9796414695
1.4857142857 109414.9831858147
1.4952380952 109414.9866920802
1.5047619048 109414.9901606350
1.5142857143 109414.9935918556
1.5238095238 109414.9969861245
1.5333333333 109415.0003438302
1.5428571429 109415.0036653652
1.5523809524 109415.0069511259
1.5619047619 109415.0102015115
1.5714285714 109415.0134169234
1.5809523810 109415.0165977645
1.5904761905 109415.0197444386
1.6000000000 109415.0228573499
1.6095238095 109415.0259369024
1.6190476190 109415.0289834999
1.6285714286 109415.0319975445
1.6380952381 109415.0349794377
1.6476190476 109415.0379295786
1.6571428571 109415.0408483650
1.6666666667 109415.0437361916
1.6761904762 109415.0465934510
1.6857142857 109415.0494205332
1.6952380952 109415.0522178245
1.7047619048 109415.0549857088
1.7142857143 109415.0577245664
1.7238095238 109415.0604347737
1.7333333333 109415.0631167039
1.7428571429 109415.0657707264
1.7523809524 109415.0683972066
1.7619047619 109415.0709965062
1.7714285714 109415.0735689826
1.7809523810 109415.0761149894
1.7904761905 109415.0786348760
1.8000000000 109415.0811289877
1.8095238095 109415.0835976653
1.8190476190 109415.0860412457
1.8285714286 109415.0884600616
1.8380952381 109415.0908544409
1.8476190476 109415.0932247080
1.8571428571 109415.0955711825
1.8666666667 109415.0978941798
1.8761904762 109415.1001940113
1.8857142857 109415.1024709839
1.8952380952 109415.1047254004
1.9047619048 109415.1069575594
1.9142857143 109415.1091677553
1.9238095238 109415.1113562782
1.9333333333 109415.1135234144
1.9428571429 109415.1156694459
1.9523809524 109415.1177946507
1.9619047619 109415.1198993028
1.9714285714 109415.1219836721
1.9809523810 109415.1240480247
1.9904761905 109415.1260926229
2.0000000000 109415.1281177249
2.0095238095 109415.1301235851
2.0190476190 109415.1321104543
2.0285714286 109415.1340785798
2.0380952381 109415.1360282045
2.0476190476 109415.1379595683
2.0571428571 109415.1398729073
2.0666666667 109415.1417684541
2.0761904762 109415.1436464379
2.0857142857 109415.1455070841
2.0952380952 109415.1473506152
2.1047619048 109415.1491772501
2.1142857143 109415.1509872043
2.1238095238 109415.1527806903
2.1333333333 109415.1545579171
2.1428571429 109415.1563190909
2.1523809524 109415.1580644144
2.1619047619 109415.1597940876
2.1714285714 109415.1615083072
2.1809523810 109415.1632072671
2.1904761905 109415.1648911583
2.2000000000 109415.1665601686
2.2095238095 109415.1682144835
2.2190476190 109415.1698542852
2.2285714286 109415.1714797534
2.2380952381 109415.1730910651
2.2476190476 109415.1746883946
2.2571428571 109415.1762719136
2.2666666667 109415.1778417911
2.2761904762 109415.1793981936
2.2857142857 109415.1809412855
2.2952380952 109415.1824712282
2.3047619048 109415.1839881808
2.3142857143 109415.1854923003
2.3238095238 109415.1869837411
2.3333333333 109415.1884626556
2.3428571429 109415.1899291933
2.3523809524 109415.1913835022
2.3619047619 109415.1928257279
2.3714285714 109415.1942560137
2.3809523810 109415.1956745006
2.3904761905 109415.1970813281
2.4000000000 109415.1984766330
2.4095238095 109415.1998605507
2.4190476190 109415.2012332143
2.4285714286 109415.2025947549
2.4380952381 109415.2039453018
2.4476190476 109415.2052849823
2.4571428571 109415.2066139219
2.4666666667 109415.2079322445
2.4761904762 109415.2092400719
2.4857142857 109415.2105375243
2.4952380952 109415.2118247201
2.5047619048 109415.2131017761
2.5142857143 109415.2143688073
2.5238095238 109415.2156259269
2.5333333333 109415.2168732469
2.5428571429 109415.2181108775
2.5523809524 109415.2193389272
2.5619047619 109415.2205575032
2.5714285714 109415.2217667108
2.5809523810 109415.2229666545
2.5904761905 109415.2241574364
2.6000000000 109415.2253391581
2.6095238095 109415.2265119189
2.6190476190 109415.2276758175
2.6285714286 109415.2288309506
2.6380952381 109415.2299774141
2.6476190476 109415.2311153020
2.6571428571 109415.2322447074
2.6666666667 109415.2333657222
2.6761904762 109415.2344784364
2.6857142857 109415.2355829394
2.6952380952 109415.2366793193
2.7047619048 109415.2377676625
2.7142857143 109415.2388480550
2.7238095238 109415.2399205808
2.7333333333 109415.2409853234
2.7428571429 109415.2420423648
2.7523809524 109415.2430917861
2.7619047619 109415.2441336672
2.7714285714 109415.2451680870
2.7809523810 109415.2461951231
2.7904761905 109415.2472148525
2.8000000000 109415.2482273506
2.8095238095 109415.2492326924
2.8190476190 109415.2502309516
2.8285714286 109415.2512222008
2.8380952381 109415.2522065118
2.8476190476 109415.2531839555
2.8571428571 109415.2541546019
2.8666666667 109415.2551185196
2.8761904762 109415.2560757772
2.8857142857 109415.2570264416
2.8952380952 109415.2579705791
2.9047619048 109415.2589082553
2.9142857143 109415.2598395347
2.9238095238 109415.2607644812
2.9333333333 109415.2616831576
2.9428571429 109415.2625956261
2.9523809524 109415.2635019482
2.9619047619 109415.2644021843
2.9714285714 109415.2652963943
2.9809523810 109415.2661846371
2.9904761905 109415.2670669712
3.0000000000 109415.2679434539
3.0095238095 109415.2688141423
3.0190476190 109415.2696790922
3.0285714286 109415.2705383592
3.0380952381 109415.2713919982
3.0476190476 109415.2722400628
3.0571428571 109415.2730826067
3.0666666667 109415.2739196823
3.0761904762 109415.2747513419
3.0857142857 109415.2755776369
3.0952380952 109415.2763986178
3.1047619048 109415.2772143351
3.1142857143 109415.2780248380
3.1238095238 109415.2788301757
3.1333333333 109415.2796303963
3.1428571429 109415.2804255477
3.1523809524 109415.2812156769
3.1619047619 109415.2820008306
3.1714285714 109415.2827810549
3.1809523810 109415.2835563951
3.1904761905 109415.2843268963
3.2000000000 109415.2850926028
3.2095238095 109415.2858535585
3.2190476190 109415.2866098065
3.2285714286 109415.2873613899
3.2380952381 109415.2881083510
3.2476190476 109415.2888507316
3.2571428571 109415.2895885728
3.2666666667 109415.2903219158
3.2761904762 109415.2910508007
3.2857142857 109415.2917752674
3.2952380952 109415.2924953554
3.3047619048 109415.2932111036
3.3142857143 109415.2939225506
3.3238095238 109415.2946297344
3.3333333333 109415.2953326926
3.3428571429 109415.2960314624
3.3523809524 109415.2967260806
3.3619047619 109415.2974165835
3.3714285714 109415.2981030071
3.3809523810 109415.2987853868
3.3904761905 109415.2994637578
3.4000000000 109415.3001381548
3.4095238095 109415.3008086121
3.4190476190 109415.3014751636
3.4285714286 109415.3021378430
3.4380952381 109415.3027966833
3.4476190476 109415.3034517174
3.4571428571 109415.3041029777
3.4666666667 109415.3047504961
3.4761904762 109415.3053943047
3.4857142857 109415.3060344347
3.4952380952 109415.3066709171
3.5047619048 109415.3073037825
3.5142857143 109415.3079330612
3.5238095238 109415.3085587834
3.5333333333 109415.3091809787
3.5428571429 109415.3097996764
3.5523809524 109415.3104149057
3.5619047619 109415.3110266951
3.5714285714 109415.3116350730
3.5809523810 109415.3122400677
3.5904761905 109415.3128417069
3.6000000000 109415.3134400181
3.6095238095 109415.3140350285
3.6190476190 109415.3146267650
3.6285714286 109415.3152152542
3.6380952381 109415.3158005225
3.6476190476 109415.3163825958
3.6571428571 109415.3169615001
3.6666666667 109415.3175372607
3.6761904762 109415.3181099031
3.6857142857 109415.3186794521
3.6952380952 109415.3192459323
3.7047619048 109415.3198093684
3.7142857143 109415.3203697846
3.7238095238 109415.3209272045
3.7333333333 109415.3214816521
3.7428571429 109415.3220331508
3.7523809524 109415.3225817237
3.7619047619 109415.3231273940
3.7714285714 109415.3236701841
3.7809523810 109415.3242101167
3.7904761905 109415.3247472142
3.8000000000 109415.3252814983
3.8095238095 109415.3258129910
3.8190476190 109415.3263417139
3.8285714286 109415.3268676883
3.8380952381 109415.3273909354
3.8476190476 109415.3279114763
3.8571428571 109415.3284293315
3.8666666667 109415.3289445216
3.8761904762 109415.3294570667
3.8857142857 109415.3299669873
3.8952380952 109415.3304743031
3.9047619048 109415.3309790338
3.9142857143 109415.3314811988
3.9238095238 109415.3319808177
3.9333333333 109415.3324779095
3.9428571429 109415.3329724932
3.9523809524 109415.3334645874
3.9619047619 109415.3339542109
3.9714285714 109415.3344413818
3.9809523810 109415.3349261184
3.9904761905 109415.3354084389
4.0000000000 109415.3358883610
4.0095238095 109415.3363659024
4.0190476190 109415.3368410806
4.0285714286 109415.3373139131
4.0380952381 109415.3377844168
4.0476190476 109415.3382526090
4.0571428571 109415.3387185062
4.0666666667 109415.3391821253
4.0761904762 109415.3396434828
4.0857142857 109415.3401025951
4.0952380952 109415.3405594783
4.1047619048 109415.3410141486
4.1142857143 109415.3414666216
4.1238095238 109415.3419169134
4.1333333333 109415.3423650395
4.1428571429 109415.3428110152
4.1523809524 109415.3432548561
4.1619047619 109415.3436965771
4.1714285714 109415.3441361934
4.1809523810 109415.3445737196
4.1904761905 109415.3450091709
4.2000000000 109415.3454425614
4.2095238095 109415.3458739059
4.2190476190 109415.3463032188
4.2285714286 109415.3467305141
4.2380952381 109415.3471558060
4.2476190476 109415.3475791082
4.2571428571 109415.3480004348
4.2666666667 109415.3484197995
4.2761904762 109415.3488372156
4.2857142857 109415.3492526968
4.2952380952 109415.3496662564
4.3047619048 109415.3500779075
4.3142857143 109415.3504876631
4.3238095238 109415.3508955364
4.3333333333 109415.3513015401
4.3428571429 109415.3517056869
4.3523809524 109415.3521079894
4.3619047619 109415.3525084602
4.3714285714 109415.3529071116
4.3809523810 109415.3533039560
4.3904761905 109415.3536990055
4.4000000000 109415.3540922721
4.4095238095 109415.3544837679
4.4190476190 109415.3548735045
4.4285714286 109415.3552614939
4.4380952381 109415.3556477478
4.4476190476 109415.3560322774
4.4571428571 109415.3564150943
4.4666666667 109415.3567962100
4.4761904762 109415.3571756356
4.4857142857 109415.3575533821
4.4952380952 109415.3579294607
4.5047619048 109415.3583038823
4.5142857143 109415.3586766579
4.5238095238 109415.3590477981
4.5333333333 109415.3594173136
4.5428571429 109415.3597852150
4.5523809524 109415.3601515126
4.5619047619 109415.3605162172
4.5714285714 109415.3608793387
4.5809523810 109415.3612408875
4.5904761905 109415.3616008737
4.6000000000 109415.3619593073
4.6095238095 109415.3623161984
4.6190476190 109415.3626715566
4.6285714286 109415.3630253920
4.6380952381 109415.3633777141
4.6476190476 109415.3637285328
4.6571428571 109415.3640778572
4.6666666667 109415.3644256971
4.6761904762 109415.3647720617
4.6857142857 109415.3651169605
4.6952380952 109415.3654604027
4.7047619048 109415.3658023972
4.7142857143 109415.3661429534
4.7238095238 109415.3664820801
4.7333333333 109415.3668197862
4.7428571429 109415.3671560808
4.7523809524 109415.3674909724
4.7619047619 109415.3678244699
4.7714285714 109415.3681565817
4.7809523810 109415.3684873167
4.7904761905 109415.3688166832
4.8000000000 109415.3691446895
4.8095238095 109415.3694713441
4.8190476190 109415.3697966555
4.8285714286 109415.3701206316
4.8380952381 109415.3704432806
4.8476190476 109415.3707646109
4.8571428571 109415.3710846301
4.8666666667 109415.3714033463
4.8761904762 109415.3717207677
4.8857142857 109415.3720369016
4.8952380952 109415.3723517562
4.9047619048 109415.3726653390
4.9142857143 109415.3729776578
4.9238095238 109415.3732887200
4.9333333333 109415.3735985333
4.9428571429 109415.3739071050
4.9523809524 109415.3742144425
4.9619047619 109415.3745205534
4.9714285714 109415.3748254448
4.9809523810 109415.3751291240
4.9904761905 109415.3754315980
5.0000000000 109415.3757328742
5.0095238095 109415.3760329595
5.0190476190 109415.3763318610
5.0285714286 109415.3766295855
5.0380952381 109415.3769261400
5.0476190476 109415.3772215314
5.0571428571 109415.3775157665
5.0666666667 109415.3778088518
5.0761904762 109415.3781007942
5.0857142857 109415.3783916004
5.0952380952 109415.3786812769
5.1047619048 109415.3789698301
5.1142857143 109415.3792572668
5.1238095238 109415.3795435932
5.1333333333 109415.3798288157
5.1428571429 109415.3801129407
5.1523809524 109415.3803959745
5.1619047619 109415.3806779232
5.1714285714 109415.3809587933
5.1809523810 109415.3812385907
5.1904761905 109415.3815173216
5.2000000000 109415.3817949919
5.2095238095 109415.3820716080
5.2190476190 109415.3823471754
5.2285714286 109415.3826217002
5.2380952381 109415.3828951883
5.2476190476 109415.3831676457
5.2571428571 109415.3834390780
5.2666666667 109415.3837094909
5.2761904762 109415.3839788902
5.2857142857 109415.3842472815
5.2952380952 109415.3845146705
5.3047619048 109415.3847810628
5.3142857143 109415.3850464638
5.3238095238 109415.3853108791
5.3333333333 109415.3855743142
5.3428571429 109415.3858367743
5.3523809524 109415.3860982651
5.3619047619 109415.3863587917
5.3714285714 109415.3866183594
5.3809523810 109415.3868769736
5.3904761905 109415.3871346393
5.4000000000 109415.3873913621
5.4095238095 109415.3876471467
5.4190476190 109415.3879019985
5.4285714286 109415.3881559223
5.4380952381 109415.3884089234
5.4476190476 109415.3886610067
5.4571428571 109415.3889121771
5.4666666667 109415.3891624396
5.4761904762 109415.3894117991
5.4857142857 109415.3896602604
5.4952380952 109415.3899078284
5.5047619048 109415.3901545079
5.5142857143 109415.3904003036
5.5238095238 109415.3906452200
5.5333333333 109415.3908892624
5.5428571429 109415.3911324348
5.5523809524 109415.3913747421
5.5619047619 109415.3916161890
5.5714285714 109415.3918567798
5.5809523810 109415.3920965193
5.5904761905 109415.3923354118
5.6000000000 109415.3925734618
5.6095238095 109415.3928106738
5.6190476190 109415.3930470522
5.6285714286 109415.3932826012
5.6380952381 109415.3935173252
5.6476190476 109415.3937512287
5.6571428571 109415.3939843159
5.6666666667 109415.3942165909
5.6761904762 109415.3944480580
5.6857142857 109415.3946787214
5.6952380952 109415.3949085855
5.7047619048 109415.3951376540
5.7142857143 109415.3953659311
5.7238095238 109415.3955934211
5.7333333333 109415.3958201280
5.7428571429 109415.3960460557
5.7523809524 109415.3962712083
5.7619047619 109415.3964955898
5.7714285714 109415.3967192040
5.7809523810 109415.3969420548
5.7904761905 109415.3971641461
5.8000000000 109415.3973854818
5.8095238095 109415.3976060660
5.8190476190 109415.3978259022
5.8285714286 109415.3980449941
5.8380952381 109415.3982633458
5.8476190476 109415.3984809608
5.8571428571 109415.3986978429
5.8666666667 109415.3989139955
5.8761904762 109415.3991294226
5.8857142857 109415.3993441278
5.8952380952 109415.3995581146
5.9047619048 109415.3997713867
5.9142857143 109415.3999839475
5.9238095238 109415.4001958007
5.9333333333 109415.4004069497
5.9428571429 109415.4006173979
5.9523809524 109415.4008271491
5.9619047619 109415.4010362065
5.9714285714 109415.4012445736
5.9809523810 109415.4014522537
5.9904761905 109415.4016592503
6.0000000000 109415.4018655668
6.0095238095 109415.4020712064
6.0190476190 109415.4022761723
6.0285714286 109415.4024804682
6.0380952381 109415.4026840970
6.0476190476 109415.4028870620
6.0571428571 109415.4030893667
6.0666666667 109415.4032910141
6.0761904762 109415.4034920072
6.0857142857 109415.4036923495
6.0952380952 109415.4038920442
6.1047619048 109415.4040910939
6.1142857143 109415.4042895023
6.1238095238 109415.4044872722
6.1333333333 109415.4046844065
6.1428571429 109415.4048809087
6.1523809524 109415.4050767815
6.1619047619 109415.4052720280
6.1714285714 109415.4054666511
6.1809523810 109415.4056606539
6.1904761905 109415.4058540394
6.2000000000 109415.4060468102
6.2095238095 109415.4062389696
6.2190476190 109415.4064305204
6.2285714286 109415.4066214654
6.2380952381 109415.4068118073
6.2476190476 109415.4070015492
6.2571428571 109415.4071906940
6.2666666667 109415.4073792442
6.2761904762 109415.4075672029
6.2857142857 109415.4077545725
6.2952380952 109415.4079413562
6.3047619048 109415.4081275564
6.3142857143 109415.4083131759
6.3238095238 109415.4084982176
6.3333333333 109415.4086826838
6.3428571429 109415.4088665774
6.3523809524 109415.4090499012
6.3619047619 109415.4092326576
6.3714285714 109415.4094148493
6.3809523810 109415.4095964789
6.3904761905 109415.4097775491
6.4000000000 109415.4099580622
6.4095238095 109415.4101380212
6.4190476190 109415.4103174282
6.4285714286 109415.4104962858
6.4380952381 109415.4106745967
6.4476190476 109415.4108523634
6.4571428571 109415.4110295883
6.4666666667 109415.4112062736
6.4761904762 109415.4113824223
6.4857142857 109415.4115580364
6.4952380952 109415.4117331185
6.5047619048 109415.4119076710
6.5142857143 109415.4120816963
6.5238095238 109415.4122551967
6.5333333333 109415.4124281745
6.5428571429 109415.4126006322
6.5523809524 109415.4127725721
6.5619047619 109415.4129439966
6.5714285714 109415.4131149080
6.5809523810 109415.4132853083
6.5904761905 109415.4134552002
6.6000000000 109415.4136245856
6.6095238095 109415.4137934671
6.6190476190 109415.4139618465
6.6285714286 109415.4141297266
6.6380952381 109415.4142971091
6.6476190476 109415.4144639965
6.6571428571 109415.4146303908
6.6666666667 109415.4147962944
6.6761904762 109415.4149617092
6.6857142857 109415.4151266375
6.6952380952 109415.4152910815
6.7047619048 109415.4154550433
6.7142857143 109415.4156185249
6.7238095238 109415.4157815284
6.7333333333 109415.4159440560
6.7428571429 109415.4161061095
6.7523809524 109415.4162676914
6.7619047619 109415.4164288037
6.7714285714 109415.4165894481
6.7809523810 109415.4167496268
6.7904761905 109415.4169093418
6.8000000000 109415.4170685953
6.8095238095 109415.4172273889
6.8190476190 109415.4173857248
6.8285714286 109415.4175436052
6.8380952381 109415.4177010318
6.8476190476 109415.4178580063
6.8571428571 109415.4180145312
6.8666666667 109415.4181706081
6.8761904762 109415.4183262390
6.8857142857 109415.4184814257
6.8952380952 109415.4186361702
6.9047619048 109415.4187904743
6.9142857143 109415.4189443399
6.9238095238 109415.4190977689
6.9333333333 109415.4192507633
6.9428571429 109415.4194033245
6.9523809524 109415.4195554547
6.9619047619 109415.4197071557
6.9714285714 109415.4198584292
6.9809523810 109415.4200092770
6.9904761905 109415.4201597010
7.0000000000 109415.4203097028
7.0095238095 109415.4204592844
7.0190476190 109415.4206084473
7.0285714286 109415.4207571935
7.0380952381 109415.4209055245
7.0476190476 109415.4210534422
7.0571428571 109415.4212009483
7.0666666667 109415.4213480445
7.0761904762 109415.4214947325
7.0857142857 109415.4216410139
7.0952380952 109415.4217868905
7.1047619048 109415.4219323641
7.1142857143 109415.4220774360
7.1238095238 109415.4222221080
7.1333333333 109415.4223663819
7.1428571429 109415.4225102595
7.1523809524 109415.4226537419
7.1619047619 109415.4227968310
7.1714285714 109415.4229395285
7.1809523810 109415.4230818359
7.1904761905 109415.4232237548
7.2000000000 109415.4233652868
7.2095238095 109415.4235064334
7.2190476190 109415.4236471962
7.2285714286 109415.4237875769
7.2380952381 109415.4239275769
7.2476190476 109415.4240671978
7.2571428571 109415.4242064412
7.2666666667 109415.4243453084
7.2761904762 109415.4244838013
7.2857142857 109415.4246219209
7.2952380952 109415.4247596691
7.3047619048 109415.4248970471
7.3142857143 109415.4250340567
7.3238095238 109415.4251706994
7.3333333333 109415.4253069763
7.3428571429 109415.4254428891
7.3523809524 109415.4255784392
7.3619047619 109415.4257136282
7.3714285714 109415.4258484573
7.3809523810 109415.4259829282
7.3904761905 109415.4261170420
7.4000000000 109415.4262508001
7.4095238095 109415.4263842043
7.4190476190 109415.4265172559
7.4285714286 109415.4266499561
7.4380952381 109415.4267823063
7.4476190476 109415.4269143079
7.4571428571 109415.4270459625
7.4666666667 109415.4271772711
7.4761904762 109415.4273082352
7.4857142857 109415.4274388565
7.4952380952 109415.4275691357
7.5047619048 109415.4276990748
7.5142857143 109415.4278286748
7.5238095238 109415.4279579367
7.5333333333 109415.4280868623
7.5428571429 109415.4282154528
7.5523809524 109415.4283437095
7.5619047619 109415.4284716335
7.5714285714 109415.4285992263
7.5809523810 109415.4287264891
7.5904761905 109415.4288534233
7.6000000000 109415.4289800300
7.6095238095 109415.4291063106
7.6190476190 109415.4292322662
7.6285714286 109415.4293578982
7.6380952381 109415.4294832078
7.6476190476 109415.4296081962
7.6571428571 109415.4297328646
7.6666666667 109415.4298572143
7.6761904762 109415.4299812465
7.6857142857 109415.4301049624
7.6952380952 109415.4302283632
7.7047619048 109415.4303514500
7.7142857143 109415.4304742243
7.7238095238 109415.4305966870
7.7333333333 109415.4307188394
7.7428571429 109415.4308406826
7.7523809524 109415.4309622178
7.7619047619 109415.4310834463
7.7714285714 109415.4312043690
7.7809523810 109415.4313249874
7.7904761905 109415.4314453023
7.8000000000 109415.4315653151
7.8095238095 109415.4316850266
7.8190476190 109415.4318044383
7.8285714286 109415.4319235510
7.8380952381 109415.4320423663
7.8476190476 109415.4321608847
7.8571428571 109415.4322791078
7.8666666667 109415.4323970364
7.8761904762 109415.4325146718
7.8857142857 109415.4326320148
7.8952380952 109415.4327490669
7.9047619048 109415.4328658289
7.9142857143 109415.4329823019
7.9238095238 109415.4330984871
7.9333333333 109415.4332143854
7.9428571429 109415.4333299979
7.9523809524 109415.4334453258
7.9619047619 109415.4335603699
7.9714285714 109415.4336751315
7.9809523810 109415.4337896113
7.9904761905 109415.4339038107
8.0000000000 109415.4340177307
8.0095238095 109415.4341313721
8.0190476190 109415.4342447359
8.0285714286 109415.4343578233
8.0380952381 109415.4344706351
8.0476190476 109415.4345831728
8.0571428571 109415.4346954366
8.0666666667 109415.4348074282
8.0761904762 109415.4349191485
8.0857142857 109415.4350305980
8.0952380952 109415.4351417781
8.1047619048 109415.4352526897
8.1142857143 109415.4353633336
8.1238095238 109415.4354737109
8.1333333333 109415.4355838227
8.1428571429 109415.4356936698
8.1523809524 109415.4358032531
8.1619047619 109415.4359125737
8.1714285714 109415.4360216324
8.1809523810 109415.4361304301
8.1904761905 109415.4362389678
8.2000000000 109415.4363472466
8.2095238095 109415.4364552673
8.2190476190 109415.4365630307
8.2285714286 109415.4366705380
8.2380952381 109415.4367777897
8.2476190476 109415.4368847870
8.2571428571 109415.4369915307
8.2666666667 109415.4370980220
8.2761904762 109415.4372042612
8.2857142857 109415.4373102497
8.2952380952 109415.4374159881
8.3047619048 109415.4375214775
8.3142857143 109415.4376267187
8.3238095238 109415.4377317124
8.3333333333 109415.4378364597
8.3428571429 109415.4379409613
8.3523809524 109415.4380452183
8.3619047619 109415.4381492314
8.3714285714 109415.4382530011
8.3809523810 109415.4383565289
8.3904761905 109415.4384598154
8.4000000000 109415.4385628613
8.4095238095 109415.4386656675
8.4190476190 109415.4387682348
8.4285714286 109415.4388705642
8.4380952381 109415.4389726564
8.4476190476 109415.4390745122
8.4571428571 109415.4391761325
8.4666666667 109415.4392775179
8.4761904762 109415.4393786697
8.4857142857 109415.4394795882
8.4952380952 109415.4395802744
8.5047619048 109415.4396807290
8.5142857143 109415.4397809531
8.5238095238 109415.4398809470
8.5333333333 109415.4399807119
8.5428571429 109415.4400802486
8.5523809524 109415.4401795577
8.5619047619 109415.4402786400
8.5714285714 109415.4403774962
8.5809523810 109415.4404761272
8.5904761905 109415.4405745338
8.6000000000 109415.4406727167
8.6095238095 109415.4407706764
8.6190476190 109415.4408684142
8.6285714286 109415.4409659304
8.6380952381 109415.4410632260
8.6476190476 109415.4411603016
8.6571428571 109415.4412571583
8.6666666667 109415.4413537963
8.6761904762 109415.4414502165
8.6857142857 109415.4415464198
8.6952380952 109415.4416424070
8.7047619048 109415.4417381784
8.7142857143 109415.4418337352
8.7238095238 109415.4419290779
8.7333333333 109415.4420242072
8.7428571429 109415.4421191239
8.7523809524 109415.4422138287
8.7619047619 109415.4423083221
8.7714285714 109415.4424026051
8.7809523810 109415.4424966782
8.7904761905 109415.4425905423
8.8000000000 109415.4426841979
8.8095238095 109415.4427776457
8.8190476190 109415.4428708867
8.8285714286 109415.4429639212
8.8380952381 109415.4430567499
8.8476190476 109415.4431493738
8.8571428571 109415.4432417933
8.8666666667 109415.4433340091
8.8761904762 109415.4434260220
8.8857142857 109415.4435178326
8.8952380952 109415.4436094417
8.9047619048 109415.4437008496
8.9142857143 109415.4437920573
8.9238095238 109415.4438830653
8.9333333333 109415.4439738743
8.9428571429 109415.4440644849
8.9523809524 109415.4441548979
8.9619047619 109415.4442451137
8.9714285714 109415.4443351332
8.9809523810 109415.4444249569
8.9904761905 109415.4445145855
9.0000000000 109415.4446040196
9.0095238095 109415.4446932597
9.0190476190 109415.4447823065
9.0285714286 109415.4448711610
9.0380952381 109415.4449598231
9.0476190476 109415.4450482942
9.0571428571 109415.4451365745
9.0666666667 109415.4452246645
9.0761904762 109415.4453125649
9.0857142857 109415.4454002766
9.0952380952 109415.4454877999
9.1047619048 109415.4455751355
9.1142857143 109415.4456622841
9.1238095238 109415.4457492460
9.1333333333 109415.4458360220
9.1428571429 109415.4459226128
9.1523809524 109415.4460090188
9.1619047619 109415.4460952408
9.1714285714 109415.4461812792
9.1809523810 109415.4462671346
9.1904761905 109415.4463528077
9.2000000000 109415.4464382989
9.2095238095 109415.4465236089
9.2190476190 109415.4466087383
9.2285714286 109415.4466936877
9.2380952381 109415.4467784575
9.2476190476 109415.4468630484
9.2571428571 109415.4469474610
9.2666666667 109415.4470316956
9.2761904762 109415.4471157532
9.2857142857 109415.4471996339
9.2952380952 109415.4472833386
9.3047619048 109415.4473668676
9.3142857143 109415.4474502218
9.3238095238 109415.4475334014
9.3333333333 109415.4476164071
9.3428571429 109415.4476992393
9.3523809524 109415.4477818986
9.3619047619 109415.4478643858
9.3714285714 109415.4479467011
9.3809523810 109415.4480288454
9.3904761905 109415.4481108188
9.4000000000 109415.4481926220
9.4095238095 109415.4482742557
9.4190476190 109415.4483557201
9.4285714286 109415.4484370160
9.4380952381 109415.4485181439
9.4476190476 109415.4485991042
9.4571428571 109415.4486798974
9.4666666667 109415.4487605242
9.4761904762 109415.4488409849
9.4857142857 109415.4489212803
9.4952380952 109415.4490014106
9.5047619048 109415.4490813763
9.5142857143 109415.4491611783
9.5238095238 109415.4492408167
