0.9047619048         NaN
0.9142857143         NaN
0.9238095238         NaN
0.9333333333         NaN
0.9428571429         NaN
0.9523809524         NaN
0.9619047619         NaN
0.9714285714         NaN
0.9809523810         NaN
0.9904761905 3869245.8055082923
1.0000000000 1823721.2720060837
1.0095238095 1376116.8002335746
1.0190476190 1155271.5941760845
1.0285714286 1018246.5709080074
1.0380952381 922936.7718738373
1.0476190476 851894.2646900163
1.0571428571 796416.9096231363
1.0666666667 751617.4526045553
1.0761904762 714512.9804212659
1.0857142857 683166.8331106291
1.0952380952 656260.0633839174
1.1047619048 632859.5004492672
1.1142857143 612284.0272755579
1.1238095238 594023.4377813971
1.1333333333 577687.0737727849
1.1428571429 562970.1356115412
1.1523809524 549630.9044457688
1.1619047619 537474.9328930721
1.1714285714 526343.8183813801
1.1809523810 516107.0685167682
1.1904761905 506656.1005266455
1.2000000000 497899.7436068738
1.2095238095 489760.8189591626
1.2190476190 482173.5052835948
1.2285714286 475081.2852331103
1.2380952381 468435.3273774647
1.2476190476 462193.1986665332
1.2571428571 456317.8305398138
1.2666666667 450776.6817271123
1.2761904762 445541.0550413027
1.2857142857 440585.5358078185
1.2952380952 435887.5271692734
1.3047619048 431426.8631394806
1.3142857143 427185.4845066241
1.3238095238 423147.1658834913
1.3333333333 419297.2846448546
1.3428571429 415622.6243725269
1.3523809524 412111.2068878942
1.3619047619 408752.1480925254
1.3714285714 405535.5337354864
1.3809523810 402452.3119375604
1.3904761905 399494.1998699181
1.4000000000 396653.6024397818
1.4095238095 393923.5412025905
1.4190476190 391297.5920176916
1.4285714286 388769.8302070175
1.4380952381 386334.7821747313
1.4476190476 383987.3826090969
1.4571428571 381722.9365227420
1.4666666667 379537.0854994010
1.4761904762 377425.7776084461
1.4857142857 375385.2405264737
1.4952380952 373411.9574706243
1.5047619048 371502.6456034204
1.5142857143 369654.2366154624
1.5238095238 367863.8592317980
1.5333333333 366128.8234213556
1.5428571429 364446.6061174689
1.5523809524 362814.8382820248
1.5619047619 361231.2931667799
1.5714285714 359693.8756434829
1.5809523810 358200.6124900268
1.5904761905 356749.6435333483
1.6000000000 355339.2135614700
1.6095238095 353967.6649272483
1.6190476190 352633.4307752187
1.6285714286 351335.0288306589
1.6380952381 350071.0556967314
1.6476190476 348840.1816114835
1.6571428571 347641.1456216789
1.6666666667 346472.7511349998
1.6761904762 345333.8618161906
1.6857142857 344223.3977962684
1.6952380952 343140.3321670740
1.7047619048 342083.6877362247
1.7142857143 341052.5340200075
1.7238095238 340045.9844539484
1.7333333333 339063.1938027596
1.7428571429 338103.3557531086
1.7523809524 337165.7006742196
1.7619047619 336249.4935327121
1.7714285714 335354.0319493326
1.7809523810 334478.6443863622
1.7904761905 333622.6884554855
1.8000000000 332785.5493368195
1.8095238095 331966.6383006115
1.8190476190 331165.3913238607
1.8285714286 330381.2677947749
1.8380952381 329613.7492985795
1.8476190476 328862.3384787411
1.8571428571 328126.5579681590
1.8666666667 327405.9493853243
1.8761904762 326700.0723908585
1.8857142857 326008.5038002054
1.8952380952 325330.8367485886
1.9047619048 324666.6799046589
1.9142857143 324015.6567295239
1.9238095238 323377.4047781185
1.9333333333 322751.5750400981
1.9428571429 322137.8313176560
1.9523809524 321535.8496378592
1.9619047619 320945.3176972716
1.9714285714 320365.9343368053
1.9809523810 319797.4090448813
1.9904761905 319239.4614871285
2.0000000000 318691.8210609684
2.0095238095 318154.2264735541
2.0190476190 317626.4253416402
2.0285714286 317108.1738120565
2.0380952381 316599.2362015498
2.0476190476 316099.3846548458
2.0571428571 315608.3988198579
2.0666666667 315126.0655390406
2.0761904762 314652.1785559548
2.0857142857 314186.5382361738
2.0952380952 313728.9513017109
2.1047619048 313279.2305782100
2.1142857143 312837.1947541821
2.1238095238 312402.6681516210
2.1333333333 311975.4805073733
2.1428571429 311555.4667646733
2.1523809524 311142.4668742948
2.1619047619 310736.3256048026
2.1714285714 310336.8923614185
2.1809523810 309944.0210130479
2.1904761905 309557.5697270369
2.2000000000 309177.4008112602
2.2095238095 308803.3805631587
2.2190476190 308435.3791253734
2.2285714286 308073.2703476369
2.2380952381 307716.9316546097
2.2476190476 307366.2439193612
2.2571428571 307021.0913422169
2.2666666667 306681.3613347037
2.2761904762 306346.9444083473
2.2857142857 306017.7340680819
2.2952380952 305693.6267100517
2.3047619048 305374.5215235939
2.3142857143 305060.3203972014
2.3238095238 304750.9278282797
2.3333333333 304446.2508365186
2.3428571429 304146.1988807101
2.3523809524 303850.6837788527
2.3619047619 303559.6196313922
2.3714285714 303272.9227474534
2.3809523810 302990.5115739288
2.3904761905 302712.3066272953
2.4000000000 302438.2304280354
2.4095238095 302168.2074375488
2.4190476190 301902.1639974427
2.4285714286 301640.0282710969
2.4380952381 301381.7301874059
2.4476190476 301127.2013866009
2.4571428571 300876.3751680633
2.4666666667 300629.1864400466
2.4761904762 300385.5716712208
2.4857142857 300145.4688439673
2.4952380952 299908.8174093470
2.5047619048 299675.5582436738
2.5142857143 299445.6336066259
2.5238095238 299218.9871008323
2.5333333333 298995.5636328732
2.5428571429 298775.3093756364
2.5523809524 298558.1717319766
2.5619047619 298344.0992996229
2.5714285714 298133.0418372863
2.5809523810 297924.9502319176
2.5904761905 297719.7764670724
2.6000000000 297517.4735923377
2.6095238095 297317.9956937797
2.6190476190 297121.2978653728
2.6285714286 296927.3361813714
2.6380952381 296736.0676695894
2.6476190476 296547.4502855511
2.6571428571 296361.4428874820
2.6666666667 296178.0052121064
2.6761904762 295997.0978512223
2.6857142857 295818.6822290241
2.6952380952 295642.7205801458
2.7047619048 295469.1759283973
2.7142857143 295298.0120661691
2.7238095238 295129.1935344800
2.7333333333 294962.6856036455
2.7428571429 294798.4542545436
2.7523809524 294636.4661604569
2.7619047619 294476.6886694701
2.7714285714 294319.0897874032
2.7809523810 294163.6381612614
2.7904761905 294010.3030631840
2.8000000000 293859.0543748733
2.8095238095 293709.8625724893
2.8190476190 293562.6987119906
2.8285714286 293417.5344149095
2.8380952381 293274.3418545440
2.8476190476 293133.0937425536
2.8571428571 292993.7633159444
2.8666666667 292856.3243244318
2.8761904762 292720.7510181657
2.8857142857 292587.0181358081
2.8952380952 292455.1008929505
2.9047619048 292324.9749708599
2.9142857143 292196.6165055423
2.9238095238 292070.0020771141
2.9333333333 291945.1086994701
2.9428571429 291821.9138102393
2.9523809524 291700.3952610194
2.9619047619 291580.5313078797
2.9714285714 291462.3006021252
2.9809523810 291345.6821813131
2.9904761905 291230.6554605126
3.0000000000 291117.2002238029
3.0095238095 291005.2966159986
3.0190476190 290894.9251345978
3.0285714286 290786.0666219452
3.0380952381 290678.7022576029
3.0476190476 290572.8135509239
3.0571428571 290468.3823338202
3.0666666667 290365.3907537214
3.0761904762 290263.8212667161
3.0857142857 290163.6566308726
3.0952380952 290064.8798997320
3.1047619048 289967.4744159682
3.1142857143 289871.4238052118
3.1238095238 289776.7119700306
3.1333333333 289683.3230840637
3.1428571429 289591.2415863041
3.1523809524 289500.4521755251
3.1619047619 289410.9398048471
3.1714285714 289322.6896764392
3.1809523810 289235.6872363543
3.1904761905 289149.9181694905
3.2000000000 289065.3683946781
3.2095238095 288982.0240598865
3.2190476190 288899.8715375486
3.2285714286 288818.8974200000
3.2380952381 288739.0885150277
3.2476190476 288660.4318415269
3.2571428571 288582.9146252626
3.2666666667 288506.5242947322
3.2761904762 288431.2484771280
3.2857142857 288357.0749943942
3.2952380952 288283.9918593788
3.3047619048 288211.9872720751
3.3142857143 288141.0496159525
3.3238095238 288071.1674543722
3.3333333333 288002.3295270873
3.3428571429 287934.5247468239
3.3523809524 287867.7421959411
3.3619047619 287801.9711231680
3.3714285714 287737.2009404158
3.3809523810 287673.4212196627
3.3904761905 287610.6216899097
3.4000000000 287548.7922342052
3.4095238095 287487.9228867376
3.4190476190 287428.0038299924
3.4285714286 287369.0253919739
3.4380952381 287310.9780434884
3.4476190476 287253.8523954881
3.4571428571 287197.6391964740
3.4666666667 287142.3293299559
3.4761904762 287087.9138119689
3.4857142857 287034.3837886435
3.4952380952 286981.7305338294
3.5047619048 286929.9454467709
3.5142857143 286879.0200498325
3.5238095238 286828.9459862745
3.5333333333 286779.7150180752
3.5428571429 286731.3190238003
3.5523809524 286683.7499965188
3.5619047619 286637.0000417618
3.5714285714 286591.0613755258
3.5809523810 286545.9263223174
3.5904761905 286501.5873132399
3.6000000000 286458.0368841195
3.6095238095 286415.2676736708
3.6190476190 286373.2724217012
3.6285714286 286332.0439673520
3.6380952381 286291.5752473754
3.6476190476 286251.8592944487
3.6571428571 286212.8892355215
3.6666666667 286174.6582901974
3.6761904762 286137.1597691494
3.6857142857 286100.3870725662
3.6952380952 286064.3336886311
3.7047619048 286028.9931920316
3.7142857143 285994.3592424981
3.7238095238 285960.4255833730
3.7333333333 285927.1860402079
3.7428571429 285894.6345193891
3.7523809524 285862.7650067898
3.7619047619 285831.5715664497
3.7714285714 285801.0483392804
3.7809523810 285771.1895417960
3.7904761905 285741.9894648697
3.8000000000 285713.4424725125
3.8095238095 285685.5430006783
3.8190476190 285658.2855560906
3.8285714286 285631.6647150925
3.8380952381 285605.6751225180
3.8476190476 285580.3114905871
3.8571428571 285555.5685978195
3.8666666667 285531.4412879710
3.8761904762 285507.9244689890
3.8857142857 285485.0131119889
3.8952380952 285462.7022502488
3.9047619048 285440.9869782242
3.9142857143 285419.8624505801
3.9238095238 285399.3238812424
3.9333333333 285379.3665424664
3.9428571429 285359.9857639229
3.9523809524 285341.1769318008
3.9619047619 285322.9354879273
3.9714285714 285305.2569289033
3.9809523810 285288.1368052553
3.9904761905 285271.5707206033
4.0000000000 285255.5543308426
4.0095238095 285240.0833433419
4.0190476190 285225.1535161553
4.0285714286 285210.7606572486
4.0380952381 285196.9006237398
4.0476190476 285183.5693211537
4.0571428571 285170.7627026887
4.0666666667 285158.4767684979
4.0761904762 285146.7075649825
4.0857142857 285135.4511840980
4.0952380952 285124.7037626729
4.1047619048 285114.4614817387
4.1142857143 285104.7205658726
4.1238095238 285095.4772825519
4.1333333333 285086.7279415182
4.1428571429 285078.4688941550
4.1523809524 285070.6965328744
4.1619047619 285063.4072905150
4.1714285714 285056.5976397509
4.1809523810 285050.2640925100
4.1904761905 285044.4031994028
4.2000000000 285039.0115491612
4.2095238095 285034.0857680862
4.2190476190 285029.6225195065
4.2285714286 285025.6185032445
4.2380952381 285022.0704550931
4.2476190476 285018.9751462998
4.2571428571 285016.3293830613
4.2666666667 285014.1300060253
4.2761904762 285012.3738898007
4.2857142857 285011.0579424771
4.2952380952 285010.1791051515
4.3047619048 285009.7343514627
4.3142857143 285009.7206871347
4.3238095238 285010.1351495261
4.3333333333 285010.9748071877
4.3428571429 285012.2367594285
4.3523809524 285013.9181358864
4.3619047619 285016.0160961085
4.3714285714 285018.5278291366
4.3809523810 285021.4505531003
4.3904761905 285024.7815148163
4.4000000000 285028.5179893944
4.4095238095 285032.6572798504
4.4190476190 285037.1967167242
4.4285714286 285042.1336577050
4.4380952381 285047.4654872620
4.4476190476 285053.1896162819
4.4571428571 285059.3034817104
4.4666666667 285065.8045462015
4.4761904762 285072.6902977715
4.4857142857 285079.9582494582
4.4952380952 285087.6059389856
4.5047619048 285095.6309284347
4.5142857143 285104.0308039187
4.5238095238 285112.8031752633
4.5333333333 285121.9456756928
4.5428571429 285131.4559615201
4.5523809524 285141.3317118425
4.5619047619 285151.5706282415
4.5714285714 285162.1704344875
4.5809523810 285173.1288762498
4.5904761905 285184.4437208098
4.6000000000 285196.1127567796
4.6095238095 285208.1337938246
4.6190476190 285220.5046623904
4.6285714286 285233.2232134342
4.6380952381 285246.2873181595
4.6476190476 285259.6948677559
4.6571428571 285273.4437731422
4.6666666667 285287.5319647133
4.6761904762 285301.9573920915
4.6857142857 285316.7180238814
4.6952380952 285331.8118474280
4.7047619048 285347.2368685792
4.7142857143 285362.9911114511
4.7238095238 285379.0726181978
4.7333333333 285395.4794487835
4.7428571429 285412.2096807590
4.7523809524 285429.2614090409
4.7619047619 285446.6327456944
4.7714285714 285464.3218197190
4.7809523810 285482.3267768383
4.7904761905 285500.6457792911
4.8000000000 285519.2770056280
4.8095238095 285538.2186505083
4.8190476190 285557.4689245025
4.8285714286 285577.0260538958
4.8380952381 285596.8882804954
4.8476190476 285617.0538614402
4.8571428571 285637.5210690133
4.8666666667 285658.2881904579
4.8761904762 285679.3535277947
4.8857142857 285700.7153976431
4.8952380952 285722.3721310441
4.9047619048 285744.3220732861
4.9142857143 285766.5635837335
4.9238095238 285789.0950356572
4.9333333333 285811.9148160678
4.9428571429 285835.0213255517
4.9523809524 285858.4129781083
4.9619047619 285882.0882009907
4.9714285714 285906.0454345479
4.9809523810 285930.2831320700
4.9904761905 285954.7997596347
5.0000000000 285979.5937959567
5.0095238095 286004.6637322388
5.0190476190 286030.0080720254
5.0285714286 286055.6253310575
5.0380952381 286081.5140371305
5.0476190476 286107.6727299536
5.0571428571 286134.0999610110
5.0666666667 286160.7942934254
5.0761904762 286187.7543018230
5.0857142857 286214.9785722005
5.0952380952 286242.4657017948
5.1047619048 286270.2142989527
5.1142857143 286298.2229830041
5.1238095238 286326.4903841360
5.1333333333 286355.0151432687
5.1428571429 286383.7959119335
5.1523809524 286412.8313521518
5.1619047619 286442.1201363167
5.1714285714 286471.6609470752
5.1809523810 286501.4524772125
5.1904761905 286531.4934295384
5.2000000000 286561.7825167738
5.2095238095 286592.3184614404
5.2190476190 286623.0999957509
5.2285714286 286654.1258615008
5.2380952381 286685.3948099617
5.2476190476 286716.9056017765
5.2571428571 286748.6570068549
5.2666666667 286780.6478042723
5.2761904762 286812.8767821672
5.2857142857 286845.3427376428
5.2952380952 286878.0444766678
5.3047619048 286910.9808139802
5.3142857143 286944.1505729911
5.3238095238 286977.5525856898
5.3333333333 287011.1856925515
5.3428571429 287045.0487424451
5.3523809524 287079.1405925419
5.3619047619 287113.4601082266
5.3714285714 287148.0061630086
5.3809523810 287182.7776384354
5.3904761905 287217.7734240053
5.4000000000 287252.9924170839
5.4095238095 287288.4335228195
5.4190476190 287324.0956540603
5.4285714286 287359.9777312731
5.4380952381 287396.0786824623
5.4476190476 287432.3974430910
5.4571428571 287468.9329560019
5.4666666667 287505.6841713401
5.4761904762 287542.6500464763
5.4857142857 287579.8295459320
5.4952380952 287617.2216413043
5.5047619048 287654.8253111923
5.5142857143 287692.6395411254
5.5238095238 287730.6633234904
5.5333333333 287768.8956574617
5.5428571429 287807.3355489308
5.5523809524 287845.9820104380
5.5619047619 287884.8340611032
5.5714285714 287923.8907265603
5.5809523810 287963.1510388895
5.5904761905 288002.6140365521
5.6000000000 288042.2787643263
5.6095238095 288082.1442732427
5.6190476190 288122.2096205219
5.6285714286 288162.4738695117
5.6380952381 288202.9360896257
5.6476190476 288243.5953562828
5.6571428571 288284.4507508474
5.6666666667 288325.5013605697
5.6761904762 288366.7462785277
5.6857142857 288408.1846035693
5.6952380952 288449.8154402553
5.7047619048 288491.6378988035
5.7142857143 288533.6510950325
5.7238095238 288575.8541503072
5.7333333333 288618.2461914847
5.7428571429 288660.8263508604
5.7523809524 288703.5937661154
5.7619047619 288746.5475802643
5.7714285714 288789.6869416036
5.7809523810 288833.0110036606
5.7904761905 288876.5189251433
5.8000000000 288920.2098698908
5.8095238095 288964.0830068240
5.8190476190 289008.1375098972
5.8285714286 289052.3725580503
5.8380952381 289096.7873351614
5.8476190476 289141.3810300001
5.8571428571 289186.1528361816
5.8666666667 289231.1019521209
5.8761904762 289276.2275809877
5.8857142857 289321.5289306621
5.8952380952 289367.0052136906
5.9047619048 289412.6556472427
5.9142857143 289458.4794530679
5.9238095238 289504.4758574536
5.9333333333 289550.6440911832
5.9428571429 289596.9833894943
5.9523809524 289643.4929920387
5.9619047619 289690.1721428410
5.9714285714 289737.0200902596
5.9809523810 289784.0360869471
5.9904761905 289831.2193898110
6.0000000000 289878.5692599756
6.0095238095 289926.0849627439
6.0190476190 289973.7657675600
6.0285714286 290021.6109479722
6.0380952381 290069.6197815961
6.0476190476 290117.7915500781
6.0571428571 290166.1255390608
6.0666666667 290214.6210381461
6.0761904762 290263.2773408612
6.0857142857 290312.0937446236
6.0952380952 290361.0695507076
6.1047619048 290410.2040642097
6.1142857143 290459.4965940159
6.1238095238 290508.9464527683
6.1333333333 290558.5529568334
6.1428571429 290608.3154262684
6.1523809524 290658.2331847913
6.1619047619 290708.3055597476
6.1714285714 290758.5318820807
6.1809523810 290808.9114863003
6.1904761905 290859.4437104525
6.2000000000 290910.1278960896
6.2095238095 290960.9633882404
6.2190476190 291011.9495353813
6.2285714286 291063.0856894068
6.2380952381 291114.3712056011
6.2476190476 291165.8054426102
6.2571428571 291217.3877624128
6.2666666667 291269.1175302939
6.2761904762 291320.9941148168
6.2857142857 291373.0168877963
6.2952380952 291425.1852242719
6.3047619048 291477.4985024809
6.3142857143 291529.9561038335
6.3238095238 291582.5574128856
6.3333333333 291635.3018173145
6.3428571429 291688.1887078927
6.3523809524 291741.2174784634
6.3619047619 291794.3875259160
6.3714285714 291847.6982501614
6.3809523810 291901.1490541080
6.3904761905 291954.7393436375
6.4000000000 292008.4685275824
6.4095238095 292062.3360177017
6.4190476190 292116.3412286579
6.4285714286 292170.4835779946
6.4380952381 292224.7624861141
6.4476190476 292279.1773762544
6.4571428571 292333.7276744682
6.4666666667 292388.4128095999
6.4761904762 292443.2322132650
6.4857142857 292498.1853198288
6.4952380952 292553.2715663845
6.5047619048 292608.4903927331
6.5142857143 292663.8412413626
6.5238095238 292719.3235574279
6.5333333333 292774.9367887296
6.5428571429 292830.6803856957
6.5523809524 292886.5538013604
6.5619047619 292942.5564913453
6.5714285714 292998.6879138403
6.5809523810 293054.9475295841
6.5904761905 293111.3348018454
6.6000000000 293167.8491964043
6.6095238095 293224.4901815340
6.6190476190 293281.2572279826
6.6285714286 293338.1498089542
6.6380952381 293395.1674000925
6.6476190476 293452.3094794616
6.6571428571 293509.5755275298
6.6666666667 293566.9650271512
6.6761904762 293624.4774635495
6.6857142857 293682.1123243006
6.6952380952 293739.8690993160
6.7047619048 293797.7472808259
6.7142857143 293855.7463633637
6.7238095238 293913.8658437485
6.7333333333 293972.1052210702
6.7428571429 294030.4639966729
6.7523809524 294088.9416741397
6.7619047619 294147.5377592768
6.7714285714 294206.2517600983
6.7809523810 294265.0831868107
6.7904761905 294324.0315517984
6.8000000000 294383.0963696084
6.8095238095 294442.2771569356
6.8190476190 294501.5734326082
6.8285714286 294560.9847175734
6.8380952381 294620.5105348831
6.8476190476 294680.1504096796
6.8571428571 294739.9038691817
6.8666666667 294799.7704426709
6.8761904762 294859.7496614779
6.8857142857 294919.8410589683
6.8952380952 294980.0441705301
6.9047619048 295040.3585335600
6.9142857143 295100.7836874500
6.9238095238 295161.3191735749
6.9333333333 295221.9645352787
6.9428571429 295282.7193178630
6.9523809524 295343.5830685731
6.9619047619 295404.5553365866
6.9714285714 295465.6356730000
6.9809523810 295526.8236308171
6.9904761905 295588.1187649373
7.0000000000 295649.5206321423
7.0095238095 295711.0287910856
7.0190476190 295772.6428022799
7.0285714286 295834.3622280855
7.0380952381 295896.1866326994
7.0476190476 295958.1155821430
7.0571428571 296020.1486442515
7.0666666667 296082.2853886627
7.0761904762 296144.5253868052
7.0857142857 296206.8682118884
7.0952380952 296269.3134388907
7.1047619048 296331.8606445498
7.1142857143 296394.5094073508
7.1238095238 296457.2593075170
7.1333333333 296520.1099269985
7.1428571429 296583.0608494619
7.1523809524 296646.1116602808
7.1619047619 296709.2619465247
7.1714285714 296772.5112969496
7.1809523810 296835.8593019883
7.1904761905 296899.3055537395
7.2000000000 296962.8496459588
7.2095238095 297026.4911740492
7.2190476190 297090.2297350511
7.2285714286 297154.0649276328
7.2380952381 297217.9963520814
7.2476190476 297282.0236102934
7.2571428571 297346.1463057654
7.2666666667 297410.3640435849
7.2761904762 297474.6764304214
7.2857142857 297539.0830745176
7.2952380952 297603.5835856802
7.3047619048 297668.1775752712
7.3142857143 297732.8646561991
7.3238095238 297797.6444429110
7.3333333333 297862.5165513826
7.3428571429 297927.4805991112
7.3523809524 297992.5362051065
7.3619047619 298057.6829898822
7.3714285714 298122.9205754484
7.3809523810 298188.2485853028
7.3904761905 298253.6666444230
7.4000000000 298319.1743792582
7.4095238095 298384.7714177213
7.4190476190 298450.4573891815
7.4285714286 298516.2319244557
7.4380952381 298582.0946558012
7.4476190476 298648.0452169081
7.4571428571 298714.0832428917
7.4666666667 298780.2083702846
7.4761904762 298846.4202370296
7.4857142857 298912.7184824722
7.4952380952 298979.1027473531
7.5047619048 299045.5726738013
7.5142857143 299112.1279053267
7.5238095238 299178.7680868125
7.5333333333 299245.4928645089
7.5428571429 299312.3018860259
7.5523809524 299379.1948003255
7.5619047619 299446.1712577161
7.5714285714 299513.2309098445
7.5809523810 299580.3734096899
7.5904761905 299647.5984115570
7.6000000000 299714.9055710688
7.6095238095 299782.2945451606
7.6190476190 299849.7649920734
7.6285714286 299917.3165713471
7.6380952381 299984.9489438140
7.6476190476 300052.6617715930
7.6571428571 300120.4547180824
7.6666666667 300188.3274479544
7.6761904762 300256.2796271482
7.6857142857 300324.3109228645
7.6952380952 300392.4210035584
7.7047619048 300460.6095389347
7.7142857143 300528.8761999402
7.7238095238 300597.2206587594
7.7333333333 300665.6425888070
7.7428571429 300734.1416647232
7.7523809524 300802.7175623673
7.7619047619 300871.3699588117
7.7714285714 300940.0985323369
7.7809523810 301008.9029624249
7.7904761905 301077.7829297544
7.8000000000 301146.7381161943
7.8095238095 301215.7682047989
7.8190476190 301284.8728798018
7.8285714286 301354.0518266110
7.8380952381 301423.3047318027
7.8476190476 301492.6312831166
7.8571428571 301562.0311694501
7.8666666667 301631.5040808533
7.8761904762 301701.0497085232
7.8857142857 301770.6677447992
7.8952380952 301840.3578831573
7.9047619048 301910.1198182053
7.9142857143 301979.9532456772
7.9238095238 302049.8578624289
7.9333333333 302119.8333664323
7.9428571429 302189.8794567709
7.9523809524 302259.9958336345
7.9619047619 302330.1821983146
7.9714285714 302400.4382531992
7.9809523810 302470.7637017677
7.9904761905 302541.1582485868
8.0000000000 302611.6215993052
8.0095238095 302682.1534606490
8.0190476190 302752.7535404168
8.0285714286 302823.4215474750
8.0380952381 302894.1571917539
8.0476190476 302964.9601842417
8.0571428571 303035.8302369812
8.0666666667 303106.7670630644
8.0761904762 303177.7703766287
8.0857142857 303248.8398928513
8.0952380952 303319.9753279462
8.1047619048 303391.1763991586
8.1142857143 303462.4428247609
8.1238095238 303533.7743240485
8.1333333333 303605.1706173352
8.1428571429 303676.6314259489
8.1523809524 303748.1564722277
8.1619047619 303819.7454795149
8.1714285714 303891.3981721557
8.1809523810 303963.1142754923
8.1904761905 304034.8935158598
8.2000000000 304106.7356205826
8.2095238095 304178.6403179697
8.2190476190 304250.6073373109
8.2285714286 304322.6364088724
8.2380952381 304394.7272638936
8.2476190476 304466.8796345821
8.2571428571 304539.0932541103
8.2666666667 304611.3678566111
8.2761904762 304683.7031771748
8.2857142857 304756.0989518438
8.2952380952 304828.5549176100
8.3047619048 304901.0708124102
8.3142857143 304973.6463751227
8.3238095238 305046.2813455632
8.3333333333 305118.9754644812
8.3428571429 305191.7284735561
8.3523809524 305264.5401153937
8.3619047619 305337.4101335221
8.3714285714 305410.3382723884
8.3809523810 305483.3242773548
8.3904761905 305556.3678946954
8.4000000000 305629.4688715914
8.4095238095 305702.6269561292
8.4190476190 305775.8418972956
8.4285714286 305849.1134449742
8.4380952381 305922.4413499431
8.4476190476 305995.8253638698
8.4571428571 306069.2652393086
8.4666666667 306142.7607296974
8.4761904762 306216.3115893533
8.4857142857 306289.9175734699
8.4952380952 306363.5784381139
8.5047619048 306437.2939402211
8.5142857143 306511.0638375938
8.5238095238 306584.8878888968
8.5333333333 306658.7658536544
8.5428571429 306732.6974922473
8.5523809524 306806.6825659086
8.5619047619 306880.7208367212
8.5714285714 306954.8120676142
8.5809523810 307028.9560223600
8.5904761905 307103.1524655706
8.6000000000 307177.4011626946
8.6095238095 307251.7018800141
8.6190476190 307326.0543846416
8.6285714286 307400.4584445168
8.6380952381 307474.9138284029
8.6476190476 307549.4203058845
8.6571428571 307623.9776473639
8.6666666667 307698.5856240580
8.6761904762 307773.2440079951
8.6857142857 307847.9525720125
8.6952380952 307922.7110897527
8.7047619048 307997.5193356611
8.7142857143 308072.3770849822
8.7238095238 308147.2841137574
8.7333333333 308222.2401988215
8.7428571429 308297.2451177999
8.7523809524 308372.2986491057
8.7619047619 308447.4005719366
8.7714285714 308522.5506662726
8.7809523810 308597.7487128723
8.7904761905 308672.9944932703
8.8000000000 308748.2877897747
8.8095238095 308823.6283854634
8.8190476190 308899.0160641826
8.8285714286 308974.4506105427
8.8380952381 309049.9318099159
8.8476190476 309125.4594484338
8.8571428571 309201.0333129841
8.8666666667 309276.6531912083
8.8761904762 309352.3188714983
8.8857142857 309428.0301429945
8.8952380952 309503.7867955823
8.9047619048 309579.5886198897
8.9142857143 309655.4354072849
8.9238095238 309731.3269498732
8.9333333333 309807.2630404943
8.9428571429 309883.2434727201
8.9523809524 309959.2680408514
8.9619047619 310035.3365399159
8.9714285714 310111.4487656652
8.9809523810 310187.6045145721
8.9904761905 310263.8035838286
9.0000000000 310340.0457713423
9.0095238095 310416.3308757350
9.0190476190 310492.6586963394
9.0285714286 310569.0290331964
9.0380952381 310645.4416870532
9.0476190476 310721.8964593604
9.0571428571 310798.3931522693
9.0666666667 310874.9315686299
9.0761904762 310951.5115119881
9.0857142857 311028.1327865829
9.0952380952 311104.7951973449
9.1047619048 311181.4985498925
9.1142857143 311258.2426505308
9.1238095238 311335.0273062480
9.1333333333 311411.8523247141
9.1428571429 311488.7175142773
9.1523809524 311565.6226839625
9.1619047619 311642.5676434687
9.1714285714 311719.5522031661
9.1809523810 311796.5761740945
9.1904761905 311873.6393679604
9.2000000000 311950.7415971348
9.2095238095 312027.8826746511
9.2190476190 312105.0624142023
9.2285714286 312182.2806301389
9.2380952381 312259.5371374665
9.2476190476 312336.8317518442
9.2571428571 312414.1642895810
9.2666666667 312491.5345676346
9.2761904762 312568.9424036086
9.2857142857 312646.3876157504
9.2952380952 312723.8700229491
9.3047619048 312801.3894447328
9.3142857143 312878.9457012668
9.3238095238 312956.5386133512
9.3333333333 313034.1680024188
9.3428571429 313111.8336905324
9.3523809524 313189.5355003835
9.3619047619 313267.2732552892
9.3714285714 313345.0467791908
9.3809523810 313422.8558966509
9.3904761905 313500.7004328516
9.4000000000 313578.5802135924
9.4095238095 313656.4950652883
9.4190476190 313734.4448149667
9.4285714286 313812.4292902664
9.4380952381 313890.4483194347
9.4476190476 313968.5017313257
9.4571428571 314046.5893553982
9.4666666667 314124.7110217132
9.4761904762 314202.8665609322
9.4857142857 314281.0558043151
9.4952380952 314359.2785837179
9.5047619048 314437.5347315907
9.5142857143 314515.8240809760
9.5238095238 314594.1464655061
