0.7619047619 0.0135592472 -0.9953943671 0.0949010048
0.7714285714 0.0133973105 -0.9953980606 0.0948852622
0.7809523810 0.0132350054 -0.9954014313 0.0948726789
0.7904761905 0.0130727472 -0.9954044994 0.0948629846
0.8000000000 0.0129108996 -0.9954072842 0.0948559293
0.8095238095 0.0127497799 -0.9954098037 0.0948512822
0.8190476190 0.0125896636 -0.9954120754 0.0948488302
0.8285714286 0.0124307886 -0.9954141153 0.0948483771
0.8380952381 0.0122733596 -0.9954159387 0.0948497422
0.8476190476 0.0121175513 -0.9954175601 0.0948527592
0.8571428571 0.0119635118 -0.9954189931 0.0948572750
0.8666666667 0.0118113656 -0.9954202502 0.0948631491
0.8761904762 0.0116612159 -0.9954213436 0.0948702522
0.8857142857 0.0115131476 -0.9954222844 0.0948784657
0.8952380952 0.0113672288 -0.9954230830 0.0948876807
0.9047619048 0.0112235132 -0.9954237494 0.0948977973
0.9142857143 0.0110820414 -0.9954242927 0.0949087237
0.9238095238 0.0109428430 -0.9954247216 0.0949203759
0.9333333333 0.0108059373 -0.9954250442 0.0949326768
0.9428571429 0.0106713352 -0.9954252679 0.0949455557
0.9523809524 0.0105390398 -0.9954253999 0.0949589479
0.9619047619 0.0104090477 -0.9954254468 0.0949727941
0.9714285714 0.0102813495 -0.9954254146 0.0949870399
0.9809523810 0.0101559311 -0.9954253093 0.0950016356
0.9904761905 0.0100327740 -0.9954251360 0.0950165357
1.0000000000 0.0099118559 -0.9954248999 0.0950316985
1.0095238095 0.0097931516 -0.9954246057 0.0950470859
1.0190476190 0.0096766332 -0.9954242577 0.0950626632
1.0285714286 0.0095622704 -0.9954238600 0.0950783984
1.0380952381 0.0094500312 -0.9954234165 0.0950942625
1.0476190476 0.0093398823 -0.9954229307 0.0951102289
1.0571428571 0.0092317887 -0.9954224059 0.0951262734
1.0666666667 0.0091257150 -0.9954218453 0.0951423739
1.0761904762 0.0090216246 -0.9954212516 0.0951585102
1.0857142857 0.0089194808 -0.9954206278 0.0951746640
1.0952380952 0.0088192463 -0.9954199762 0.0951908187
1.1047619048 0.0087208836 -0.9954192992 0.0952069589
1.1142857143 0.0086243554 -0.9954185990 0.0952230710
1.1238095238 0.0085296242 -0.9954178777 0.0952391425
1.1333333333 0.0084366528 -0.9954171372 0.0952551620
1.1428571429 0.0083454043 -0.9954163792 0.0952711192
1.1523809524 0.0082558420 -0.9954156055 0.0952870050
1.1619047619 0.0081679296 -0.9954148176 0.0953028109
1.1714285714 0.0080816314 -0.9954140170 0.0953185296
1.1809523810 0.0079969120 -0.9954132049 0.0953341542
1.1904761905 0.0079137368 -0.9954123827 0.0953496787
1.2000000000 0.0078320714 -0.9954115515 0.0953650978
1.2095238095 0.0077518824 -0.9954107124 0.0953804067
1.2190476190 0.0076731367 -0.9954098665 0.0953956010
1.2285714286 0.0075958019 -0.9954090147 0.0954106772
1.2380952381 0.0075198464 -0.9954081578 0.0954256320
1.2476190476 0.0074452391 -0.9954072968 0.0954404624
1.2571428571 0.0073719494 -0.9954064324 0.0954551660
1.2666666667 0.0072999478 -0.9954055653 0.0954697408
1.2761904762 0.0072292051 -0.9954046961 0.0954841849
1.2857142857 0.0071596927 -0.9954038255 0.0954984969
1.2952380952 0.0070913831 -0.9954029541 0.0955126756
1.3047619048 0.0070242488 -0.9954020824 0.0955267200
1.3142857143 0.0069582636 -0.9954012109 0.0955406293
1.3238095238 0.0068934014 -0.9954003401 0.0955544032
1.3333333333 0.0068296371 -0.9953994703 0.0955680412
1.3428571429 0.0067669459 -0.9953986021 0.0955815431
1.3523809524 0.0067053039 -0.9953977357 0.0955949091
1.3619047619 0.0066446875 -0.9953968715 0.0956081393
1.3714285714 0.0065850740 -0.9953960098 0.0956212339
1.3809523810 0.0065264410 -0.9953951510 0.0956341934
1.3904761905 0.0064687667 -0.9953942952 0.0956470183
1.4000000000 0.0064120301 -0.9953934428 0.0956597091
1.4095238095 0.0063562104 -0.9953925939 0.0956722667
1.4190476190 0.0063012875 -0.9953917488 0.0956846917
1.4285714286 0.0062472418 -0.9953909076 0.0956969851
1.4380952381 0.0061940541 -0.9953900706 0.0957091477
1.4476190476 0.0061417058 -0.9953892380 0.0957211806
1.4571428571 0.0060901788 -0.9953884097 0.0957330847
1.4666666667 0.0060394553 -0.9953875861 0.0957448612
1.4761904762 0.0059895181 -0.9953867672 0.0957565112
1.4857142857 0.0059403503 -0.9953859531 0.0957680358
1.4952380952 0.0058919357 -0.9953851439 0.0957794363
1.5047619048 0.0058442581 -0.9953843397 0.0957907138
1.5142857143 0.0057973021 -0.9953835407 0.0958018695
1.5238095238 0.0057510525 -0.9953827468 0.0958129048
1.5333333333 0.0057054945 -0.9953819582 0.0958238210
1.5428571429 0.0056606137 -0.9953811748 0.0958346192
1.5523809524 0.0056163960 -0.9953803968 0.0958453008
1.5619047619 0.0055728278 -0.9953796242 0.0958558672
1.5714285714 0.0055298957 -0.9953788570 0.0958663195
1.5809523810 0.0054875867 -0.9953780953 0.0958766593
1.5904761905 0.0054458880 -0.9953773390 0.0958868877
1.6000000000 0.0054047875 -0.9953765883 0.0958970061
1.6095238095 0.0053642728 -0.9953758430 0.0959070159
1.6190476190 0.0053243324 -0.9953751033 0.0959169183
1.6285714286 0.0052849547 -0.9953743691 0.0959267147
1.6380952381 0.0052461286 -0.9953736404 0.0959364063
1.6476190476 0.0052078431 -0.9953729173 0.0959459946
1.6571428571 0.0051700875 -0.9953721997 0.0959554807
1.6666666667 0.0051328516 -0.9953714876 0.0959648661
1.6761904762 0.0050961251 -0.9953707810 0.0959741519
1.6857142857 0.0050598983 -0.9953700799 0.0959833394
1.6952380952 0.0050241613 -0.9953693843 0.0959924299
1.7047619048 0.0049889049 -0.9953686941 0.0960014247
1.7142857143 0.0049541198 -0.9953680094 0.0960103250
1.7238095238 0.0049197970 -0.9953673301 0.0960191321
1.7333333333 0.0048859279 -0.9953666562 0.0960278470
1.7428571429 0.0048525038 -0.9953659877 0.0960364712
1.7523809524 0.0048195165 -0.9953653245 0.0960450057
1.7619047619 0.0047869577 -0.9953646666 0.0960534517
1.7714285714 0.0047548195 -0.9953640140 0.0960618104
1.7809523810 0.0047230941 -0.9953633666 0.0960700830
1.7904761905 0.0046917741 -0.9953627244 0.0960782706
1.8000000000 0.0046608518 -0.9953620875 0.0960863743
1.8095238095 0.0046303202 -0.9953614556 0.0960943952
1.8190476190 0.0046001721 -0.9953608289 0.0961023345
1.8285714286 0.0045704006 -0.9953602073 0.0961101932
1.8380952381 0.0045409989 -0.9953595907 0.0961179723
1.8476190476 0.0045119605 -0.9953589791 0.0961256730
1.8571428571 0.0044832790 -0.9953583724 0.0961332964
1.8666666667 0.0044549479 -0.9953577707 0.0961408433
1.8761904762 0.0044269612 -0.9953571739 0.0961483148
1.8857142857 0.0043993128 -0.9953565819 0.0961557120
1.8952380952 0.0043719968 -0.9953559947 0.0961630359
1.9047619048 0.0043450075 -0.9953554123 0.0961702873
1.9142857143 0.0043183392 -0.9953548346 0.0961774672
1.9238095238 0.0042919864 -0.9953542616 0.0961845767
1.9333333333 0.0042659438 -0.9953536932 0.0961916166
1.9428571429 0.0042402060 -0.9953531295 0.0961985879
1.9523809524 0.0042147679 -0.9953525703 0.0962054914
1.9619047619 0.0041896245 -0.9953520156 0.0962123281
1.9714285714 0.0041647708 -0.9953514654 0.0962190988
1.9809523810 0.0041402020 -0.9953509197 0.0962258044
1.9904761905 0.0041159134 -0.9953503783 0.0962324457
2.0000000000 0.0040919003 -0.9953498413 0.0962390237
2.0095238095 0.0040681582 -0.9953493087 0.0962455391
2.0190476190 0.0040446827 -0.9953487803 0.0962519927
2.0285714286 0.0040214695 -0.9953482562 0.0962583853
2.0380952381 0.0039985142 -0.9953477362 0.0962647178
2.0476190476 0.0039758128 -0.9953472204 0.0962709910
2.0571428571 0.0039533611 -0.9953467088 0.0962772055
2.0666666667 0.0039311552 -0.9953462012 0.0962833621
2.0761904762 0.0039091911 -0.9953456976 0.0962894617
2.0857142857 0.0038874651 -0.9953451981 0.0962955049
2.0952380952 0.0038659733 -0.9953447025 0.0963014924
2.1047619048 0.0038447122 -0.9953442109 0.0963074250
2.1142857143 0.0038236781 -0.9953437231 0.0963133034
2.1238095238 0.0038028674 -0.9953432392 0.0963191282
2.1333333333 0.0037822768 -0.9953427590 0.0963249002
2.1428571429 0.0037619028 -0.9953422827 0.0963306200
2.1523809524 0.0037417422 -0.9953418101 0.0963362882
2.1619047619 0.0037217916 -0.9953413412 0.0963419056
2.1714285714 0.0037020479 -0.9953408760 0.0963474727
2.1809523810 0.0036825079 -0.9953404143 0.0963529902
2.1904761905 0.0036631686 -0.9953399563 0.0963584588
2.2000000000 0.0036440270 -0.9953395018 0.0963638789
2.2095238095 0.0036250801 -0.9953390509 0.0963692513
2.2190476190 0.0036063250 -0.9953386034 0.0963745766
2.2285714286 0.0035877590 -0.9953381594 0.0963798552
2.2380952381 0.0035693791 -0.9953377188 0.0963850878
2.2476190476 0.0035511828 -0.9953372815 0.0963902750
2.2571428571 0.0035331673 -0.9953368476 0.0963954172
2.2666666667 0.0035153299 -0.9953364171 0.0964005152
2.2761904762 0.0034976682 -0.9953359898 0.0964055693
2.2857142857 0.0034801796 -0.9953355657 0.0964105802
2.2952380952 0.0034628615 -0.9953351449 0.0964155483
2.3047619048 0.0034457117 -0.9953347272 0.0964204742
2.3142857143 0.0034287276 -0.9953343127 0.0964253585
2.3238095238 0.0034119069 -0.9953339013 0.0964302015
2.3333333333 0.0033952474 -0.9953334930 0.0964350038
2.3428571429 0.0033787467 -0.9953330878 0.0964397658
2.3523809524 0.0033624027 -0.9953326856 0.0964444881
2.3619047619 0.0033462132 -0.9953322863 0.0964491712
2.3714285714 0.0033301760 -0.9953318901 0.0964538155
2.3809523810 0.0033142891 -0.9953314968 0.0964584214
2.3904761905 0.0032985503 -0.9953311063 0.0964629894
2.4000000000 0.0032829577 -0.9953307188 0.0964675200
2.4095238095 0.0032675092 -0.9953303341 0.0964720136
2.4190476190 0.0032522030 -0.9953299522 0.0964764706
2.4285714286 0.0032370370 -0.9953295731 0.0964808914
2.4380952381 0.0032220094 -0.9953291968 0.0964852766
2.4476190476 0.0032071183 -0.9953288233 0.0964896264
2.4571428571 0.0031923620 -0.9953284524 0.0964939413
2.4666666667 0.0031777386 -0.9953280842 0.0964982217
2.4761904762 0.0031632464 -0.9953277187 0.0965024680
2.4857142857 0.0031488836 -0.9953273558 0.0965066807
2.4952380952 0.0031346486 -0.9953269955 0.0965108599
2.5047619048 0.0031205396 -0.9953266377 0.0965150063
2.5142857143 0.0031065551 -0.9953262826 0.0965191200
2.5238095238 0.0030926934 -0.9953259299 0.0965232016
2.5333333333 0.0030789530 -0.9953255798 0.0965272513
2.5428571429 0.0030653322 -0.9953252321 0.0965312695
2.5523809524 0.0030518296 -0.9953248869 0.0965352567
2.5619047619 0.0030384436 -0.9953245442 0.0965392130
2.5714285714 0.0030251728 -0.9953242038 0.0965431389
2.5809523810 0.0030120157 -0.9953238658 0.0965470347
2.5904761905 0.0029989709 -0.9953235302 0.0965509007
2.6000000000 0.0029860369 -0.9953231969 0.0965547373
2.6095238095 0.0029732124 -0.9953228659 0.0965585448
2.6190476190 0.0029604959 -0.9953225372 0.0965623234
2.6285714286 0.0029478863 -0.9953222108 0.0965660736
2.6380952381 0.0029353821 -0.9953218867 0.0965697957
2.6476190476 0.0029229821 -0.9953215647 0.0965734899
2.6571428571 0.0029106849 -0.9953212450 0.0965771565
2.6666666667 0.0028984893 -0.9953209275 0.0965807959
2.6761904762 0.0028863941 -0.9953206121 0.0965844083
2.6857142857 0.0028743981 -0.9953202988 0.0965879940
2.6952380952 0.0028625001 -0.9953199877 0.0965915533
2.7047619048 0.0028506988 -0.9953196787 0.0965950865
2.7142857143 0.0028389931 -0.9953193717 0.0965985939
2.7238095238 0.0028273820 -0.9953190669 0.0966020758
2.7333333333 0.0028158641 -0.9953187640 0.0966055324
2.7428571429 0.0028044386 -0.9953184632 0.0966089639
2.7523809524 0.0027931042 -0.9953181644 0.0966123707
2.7619047619 0.0027818598 -0.9953178676 0.0966157530
2.7714285714 0.0027707045 -0.9953175727 0.0966191111
2.7809523810 0.0027596372 -0.9953172798 0.0966224451
2.7904761905 0.0027486569 -0.9953169888 0.0966257555
2.8000000000 0.0027377625 -0.9953166998 0.0966290423
2.8095238095 0.0027269531 -0.9953164126 0.0966323059
2.8190476190 0.0027162277 -0.9953161273 0.0966355465
2.8285714286 0.0027055853 -0.9953158439 0.0966387644
2.8380952381 0.0026950250 -0.9953155623 0.0966419597
2.8476190476 0.0026845458 -0.9953152825 0.0966451326
2.8571428571 0.0026741469 -0.9953150045 0.0966482836
2.8666666667 0.0026638272 -0.9953147283 0.0966514126
2.8761904762 0.0026535860 -0.9953144539 0.0966545200
2.8857142857 0.0026434223 -0.9953141813 0.0966576060
2.8952380952 0.0026333353 -0.9953139104 0.0966606708
2.9047619048 0.0026233241 -0.9953136412 0.0966637147
2.9142857143 0.0026133879 -0.9953133738 0.0966667377
2.9238095238 0.0026035258 -0.9953131080 0.0966697402
2.9333333333 0.0025937371 -0.9953128439 0.0966727223
2.9428571429 0.0025840209 -0.9953125815 0.0966756842
2.9523809524 0.0025743764 -0.9953123207 0.0966786262
2.9619047619 0.0025648029 -0.9953120616 0.0966815484
2.9714285714 0.0025552995 -0.9953118041 0.0966844511
2.9809523810 0.0025458656 -0.9953115482 0.0966873344
2.9904761905 0.0025365003 -0.9953112939 0.0966901984
3.0000000000 0.0025272029 -0.9953110411 0.0966930435
3.0095238095 0.0025179727 -0.9953107899 0.0966958698
3.0190476190 0.0025088091 -0.9953105403 0.0966986774
3.0285714286 0.0024997112 -0.9953102922 0.0967014665
3.0380952381 0.0024906783 -0.9953100457 0.0967042374
3.0476190476 0.0024817099 -0.9953098006 0.0967069902
3.0571428571 0.0024728051 -0.9953095570 0.0967097250
3.0666666667 0.0024639634 -0.9953093149 0.0967124421
3.0761904762 0.0024551840 -0.9953090743 0.0967151416
3.0857142857 0.0024464664 -0.9953088352 0.0967178237
3.0952380952 0.0024378099 -0.9953085975 0.0967204885
3.1047619048 0.0024292138 -0.9953083612 0.0967231362
3.1142857143 0.0024206775 -0.9953081263 0.0967257670
3.1238095238 0.0024122005 -0.9953078929 0.0967283810
3.1333333333 0.0024037820 -0.9953076608 0.0967309784
3.1428571429 0.0023954216 -0.9953074301 0.0967335594
3.1523809524 0.0023871185 -0.9953072008 0.0967361240
3.1619047619 0.0023788723 -0.9953069729 0.0967386725
3.1714285714 0.0023706823 -0.9953067463 0.0967412049
3.1809523810 0.0023625480 -0.9953065210 0.0967437215
3.1904761905 0.0023544688 -0.9953062970 0.0967462224
3.2000000000 0.0023464442 -0.9953060744 0.0967487077
3.2095238095 0.0023384736 -0.9953058531 0.0967511776
3.2190476190 0.0023305565 -0.9953056330 0.0967536322
3.2285714286 0.0023226923 -0.9953054143 0.0967560717
3.2380952381 0.0023148806 -0.9953051968 0.0967584961
3.2476190476 0.0023071207 -0.9953049806 0.0967609057
3.2571428571 0.0022994123 -0.9953047656 0.0967633005
3.2666666667 0.0022917547 -0.9953045518 0.0967656807
3.2761904762 0.0022841476 -0.9953043393 0.0967680465
3.2857142857 0.0022765903 -0.9953041280 0.0967703979
3.2952380952 0.0022690825 -0.9953039179 0.0967727350
3.3047619048 0.0022616236 -0.9953037090 0.0967750581
3.3142857143 0.0022542132 -0.9953035013 0.0967773672
3.3238095238 0.0022468507 -0.9953032948 0.0967796625
3.3333333333 0.0022395358 -0.9953030894 0.0967819441
3.3428571429 0.0022322680 -0.9953028852 0.0967842120
3.3523809524 0.0022250468 -0.9953026821 0.0967864665
3.3619047619 0.0022178718 -0.9953024802 0.0967887076
3.3714285714 0.0022107425 -0.9953022794 0.0967909355
3.3809523810 0.0022036586 -0.9953020798 0.0967931502
3.3904761905 0.0021966196 -0.9953018812 0.0967953519
3.4000000000 0.0021896250 -0.9953016837 0.0967975407
3.4095238095 0.0021826745 -0.9953014874 0.0967997168
3.4190476190 0.0021757676 -0.9953012921 0.0968018801
3.4285714286 0.0021689039 -0.9953010979 0.0968040309
3.4380952381 0.0021620831 -0.9953009048 0.0968061692
3.4476190476 0.0021553047 -0.9953007127 0.0968082951
3.4571428571 0.0021485684 -0.9953005217 0.0968104088
3.4666666667 0.0021418737 -0.9953003317 0.0968125103
3.4761904762 0.0021352203 -0.9953001427 0.0968145998
3.4857142857 0.0021286078 -0.9952999548 0.0968166774
3.4952380952 0.0021220358 -0.9952997679 0.0968187431
3.5047619048 0.0021155039 -0.9952995820 0.0968207970
3.5142857143 0.0021090119 -0.9952993971 0.0968228394
3.5238095238 0.0021025593 -0.9952992132 0.0968248701
3.5333333333 0.0020961457 -0.9952990303 0.0968268894
3.5428571429 0.0020897709 -0.9952988483 0.0968288974
3.5523809524 0.0020834345 -0.9952986674 0.0968308941
3.5619047619 0.0020771361 -0.9952984874 0.0968328796
3.5714285714 0.0020708754 -0.9952983083 0.0968348541
3.5809523810 0.0020646520 -0.9952981302 0.0968368176
3.5904761905 0.0020584657 -0.9952979530 0.0968387701
3.6000000000 0.0020523161 -0.9952977768 0.0968407119
3.6095238095 0.0020462028 -0.9952976015 0.0968426429
3.6190476190 0.0020401256 -0.9952974271 0.0968445634
3.6285714286 0.0020340842 -0.9952972536 0.0968464733
3.6380952381 0.0020280782 -0.9952970811 0.0968483727
3.6476190476 0.0020221073 -0.9952969094 0.0968502617
3.6571428571 0.0020161712 -0.9952967386 0.0968521405
3.6666666667 0.0020102697 -0.9952965687 0.0968540090
3.6761904762 0.0020044023 -0.9952963997 0.0968558675
3.6857142857 0.0019985689 -0.9952962316 0.0968577159
3.6952380952 0.0019927691 -0.9952960643 0.0968595543
3.7047619048 0.0019870027 -0.9952958979 0.0968613828
3.7142857143 0.0019812693 -0.9952957323 0.0968632016
3.7238095238 0.0019755687 -0.9952955676 0.0968650106
3.7333333333 0.0019699006 -0.9952954037 0.0968668099
3.7428571429 0.0019642647 -0.9952952406 0.0968685997
3.7523809524 0.0019586607 -0.9952950784 0.0968703800
3.7619047619 0.0019530885 -0.9952949170 0.0968721509
3.7714285714 0.0019475476 -0.9952947564 0.0968739124
3.7809523810 0.0019420379 -0.9952945966 0.0968756646
3.7904761905 0.0019365591 -0.9952944377 0.0968774076
3.8000000000 0.0019311110 -0.9952942795 0.0968791415
3.8095238095 0.0019256932 -0.9952941221 0.0968808664
3.8190476190 0.0019203055 -0.9952939655 0.0968825822
3.8285714286 0.0019149477 -0.9952938096 0.0968842891
3.8380952381 0.0019096196 -0.9952936546 0.0968859872
3.8476190476 0.0019043208 -0.9952935003 0.0968876765
3.8571428571 0.0018990512 -0.9952933468 0.0968893570
3.8666666667 0.0018938105 -0.9952931940 0.0968910290
3.8761904762 0.0018885984 -0.9952930420 0.0968926923
3.8857142857 0.0018834149 -0.9952928907 0.0968943471
3.8952380952 0.0018782595 -0.9952927402 0.0968959934
3.9047619048 0.0018731321 -0.9952925904 0.0968976314
3.9142857143 0.0018680324 -0.9952924413 0.0968992610
3.9238095238 0.0018629603 -0.9952922929 0.0969008824
3.9333333333 0.0018579155 -0.9952921453 0.0969024955
3.9428571429 0.0018528977 -0.9952919984 0.0969041005
3.9523809524 0.0018479069 -0.9952918522 0.0969056975
3.9619047619 0.0018429427 -0.9952917067 0.0969072864
3.9714285714 0.0018380050 -0.9952915619 0.0969088673
3.9809523810 0.0018330935 -0.9952914178 0.0969104404
3.9904761905 0.0018282080 -0.9952912744 0.0969120056
4.0000000000 0.0018233484 -0.9952911316 0.0969135630
4.0095238095 0.0018185144 -0.9952909896 0.0969151127
4.0190476190 0.0018137058 -0.9952908482 0.0969166547
4.0285714286 0.0018089224 -0.9952907075 0.0969181891
4.0380952381 0.0018041641 -0.9952905675 0.0969197159
4.0476190476 0.0017994306 -0.9952904281 0.0969212353
4.0571428571 0.0017947217 -0.9952902893 0.0969227472
4.0666666667 0.0017900373 -0.9952901513 0.0969242517
4.0761904762 0.0017853771 -0.9952900138 0.0969257488
4.0857142857 0.0017807410 -0.9952898771 0.0969272387
4.0952380952 0.0017761288 -0.9952897409 0.0969287213
4.1047619048 0.0017715403 -0.9952896054 0.0969301967
4.1142857143 0.0017669753 -0.9952894705 0.0969316650
4.1238095238 0.0017624337 -0.9952893363 0.0969331263
4.1333333333 0.0017579152 -0.9952892026 0.0969345805
4.1428571429 0.0017534198 -0.9952890696 0.0969360277
4.1523809524 0.0017489471 -0.9952889372 0.0969374680
4.1619047619 0.0017444971 -0.9952888054 0.0969389014
4.1714285714 0.0017400695 -0.9952886742 0.0969403280
4.1809523810 0.0017356643 -0.9952885436 0.0969417478
4.1904761905 0.0017312812 -0.9952884136 0.0969431608
4.2000000000 0.0017269200 -0.9952882842 0.0969445672
4.2095238095 0.0017225807 -0.9952881554 0.0969459669
4.2190476190 0.0017182630 -0.9952880271 0.0969473600
4.2285714286 0.0017139668 -0.9952878995 0.0969487466
4.2380952381 0.0017096920 -0.9952877724 0.0969501267
4.2476190476 0.0017054382 -0.9952876459 0.0969515003
4.2571428571 0.0017012055 -0.9952875200 0.0969528675
4.2666666667 0.0016969937 -0.9952873946 0.0969542283
4.2761904762 0.0016928026 -0.9952872698 0.0969555829
4.2857142857 0.0016886320 -0.9952871455 0.0969569311
4.2952380952 0.0016844818 -0.9952870218 0.0969582731
4.3047619048 0.0016803519 -0.9952868987 0.0969596089
4.3142857143 0.0016762420 -0.9952867761 0.0969609385
4.3238095238 0.0016721522 -0.9952866540 0.0969622621
4.3333333333 0.0016680821 -0.9952865325 0.0969635795
4.3428571429 0.0016640317 -0.9952864115 0.0969648910
4.3523809524 0.0016600009 -0.9952862910 0.0969661964
4.3619047619 0.0016559894 -0.9952861711 0.0969674959
4.3714285714 0.0016519972 -0.9952860517 0.0969687895
4.3809523810 0.0016480241 -0.9952859329 0.0969700773
4.3904761905 0.0016440700 -0.9952858145 0.0969713592
4.4000000000 0.0016401348 -0.9952856967 0.0969726353
4.4095238095 0.0016362182 -0.9952855793 0.0969739057
4.4190476190 0.0016323202 -0.9952854625 0.0969751703
4.4285714286 0.0016284407 -0.9952853462 0.0969764293
4.4380952381 0.0016245794 -0.9952852304 0.0969776827
4.4476190476 0.0016207364 -0.9952851151 0.0969789304
4.4571428571 0.0016169114 -0.9952850002 0.0969801727
4.4666666667 0.0016131044 -0.9952848859 0.0969814093
4.4761904762 0.0016093151 -0.9952847721 0.0969826405
4.4857142857 0.0016055436 -0.9952846587 0.0969838663
4.4952380952 0.0016017896 -0.9952845459 0.0969850866
4.5047619048 0.0015980530 -0.9952844335 0.0969863016
4.5142857143 0.0015943338 -0.9952843216 0.0969875112
4.5238095238 0.0015906317 -0.9952842101 0.0969887155
4.5333333333 0.0015869468 -0.9952840992 0.0969899145
4.5428571429 0.0015832788 -0.9952839887 0.0969911083
4.5523809524 0.0015796276 -0.9952838787 0.0969922969
4.5619047619 0.0015759932 -0.9952837691 0.0969934803
4.5714285714 0.0015723754 -0.9952836600 0.0969946586
4.5809523810 0.0015687741 -0.9952835513 0.0969958317
4.5904761905 0.0015651892 -0.9952834431 0.0969969998
4.6000000000 0.0015616205 -0.9952833354 0.0969981629
4.6095238095 0.0015580680 -0.9952832281 0.0969993209
4.6190476190 0.0015545316 -0.9952831213 0.0970004740
4.6285714286 0.0015510112 -0.9952830149 0.0970016222
4.6380952381 0.0015475066 -0.9952829089 0.0970027654
4.6476190476 0.0015440177 -0.9952828034 0.0970039037
4.6571428571 0.0015405445 -0.9952826983 0.0970050372
4.6666666667 0.0015370867 -0.9952825936 0.0970061659
4.6761904762 0.0015336445 -0.9952824894 0.0970072898
4.6857142857 0.0015302175 -0.9952823856 0.0970084089
4.6952380952 0.0015268057 -0.9952822822 0.0970095233
4.7047619048 0.0015234091 -0.9952821792 0.0970106330
4.7142857143 0.0015200275 -0.9952820767 0.0970117380
4.7238095238 0.0015166608 -0.9952819746 0.0970128384
4.7333333333 0.0015133090 -0.9952818729 0.0970139342
4.7428571429 0.0015099718 -0.9952817716 0.0970150254
4.7523809524 0.0015066493 -0.9952816707 0.0970161121
4.7619047619 0.0015033414 -0.9952815702 0.0970171942
4.7714285714 0.0015000478 -0.9952814701 0.0970182718
4.7809523810 0.0014967686 -0.9952813705 0.0970193450
4.7904761905 0.0014935037 -0.9952812712 0.0970204137
4.8000000000 0.0014902529 -0.9952811723 0.0970214780
4.8095238095 0.0014870162 -0.9952810738 0.0970225379
4.8190476190 0.0014837935 -0.9952809757 0.0970235935
4.8285714286 0.0014805846 -0.9952808780 0.0970246447
4.8380952381 0.0014773896 -0.9952807807 0.0970256916
4.8476190476 0.0014742082 -0.9952806838 0.0970267342
4.8571428571 0.0014710405 -0.9952805873 0.0970277726
4.8666666667 0.0014678863 -0.9952804911 0.0970288068
4.8761904762 0.0014647456 -0.9952803953 0.0970298367
4.8857142857 0.0014616182 -0.9952802999 0.0970308625
4.8952380952 0.0014585041 -0.9952802049 0.0970318841
4.9047619048 0.0014554032 -0.9952801102 0.0970329016
4.9142857143 0.0014523154 -0.9952800159 0.0970339150
4.9238095238 0.0014492407 -0.9952799220 0.0970349243
4.9333333333 0.0014461788 -0.9952798285 0.0970359295
4.9428571429 0.0014431299 -0.9952797353 0.0970369307
4.9523809524 0.0014400937 -0.9952796424 0.0970379280
4.9619047619 0.0014370703 -0.9952795500 0.0970389212
4.9714285714 0.0014340594 -0.9952794579 0.0970399105
4.9809523810 0.0014310611 -0.9952793661 0.0970408958
4.9904761905 0.0014280753 -0.9952792747 0.0970418773
5.0000000000 0.0014251018 -0.9952791837 0.0970428548
5.0095238095 0.0014221407 -0.9952790930 0.0970438285
5.0190476190 0.0014191918 -0.9952790026 0.0970447983
5.0285714286 0.0014162551 -0.9952789126 0.0970457643
5.0380952381 0.0014133305 -0.9952788229 0.0970467266
5.0476190476 0.0014104179 -0.9952787336 0.0970476850
5.0571428571 0.0014075172 -0.9952786446 0.0970486397
5.0666666667 0.0014046284 -0.9952785560 0.0970495907
5.0761904762 0.0014017513 -0.9952784677 0.0970505379
5.0857142857 0.0013988860 -0.9952783797 0.0970514815
5.0952380952 0.0013960324 -0.9952782920 0.0970524214
5.1047619048 0.0013931903 -0.9952782047 0.0970533576
5.1142857143 0.0013903598 -0.9952781177 0.0970542903
5.1238095238 0.0013875406 -0.9952780311 0.0970552193
5.1333333333 0.0013847329 -0.9952779447 0.0970561447
5.1428571429 0.0013819364 -0.9952778587 0.0970570666
5.1523809524 0.0013791512 -0.9952777730 0.0970579850
5.1619047619 0.0013763772 -0.9952776877 0.0970588998
5.1714285714 0.0013736143 -0.9952776026 0.0970598111
5.1809523810 0.0013708624 -0.9952775179 0.0970607189
5.1904761905 0.0013681214 -0.9952774334 0.0970616233
5.2000000000 0.0013653914 -0.9952773493 0.0970625242
5.2095238095 0.0013626722 -0.9952772655 0.0970634217
5.2190476190 0.0013599638 -0.9952771820 0.0970643159
5.2285714286 0.0013572661 -0.9952770989 0.0970652066
5.2380952381 0.0013545790 -0.9952770160 0.0970660939
5.2476190476 0.0013519026 -0.9952769334 0.0970669780
5.2571428571 0.0013492366 -0.9952768511 0.0970678586
5.2666666667 0.0013465811 -0.9952767691 0.0970687360
5.2761904762 0.0013439360 -0.9952766875 0.0970696101
5.2857142857 0.0013413013 -0.9952766061 0.0970704809
5.2952380952 0.0013386768 -0.9952765250 0.0970713485
5.3047619048 0.0013360626 -0.9952764442 0.0970722128
5.3142857143 0.0013334585 -0.9952763637 0.0970730739
5.3238095238 0.0013308645 -0.9952762835 0.0970739319
5.3333333333 0.0013282805 -0.9952762036 0.0970747866
5.3428571429 0.0013257066 -0.9952761240 0.0970756382
5.3523809524 0.0013231425 -0.9952760446 0.0970764866
5.3619047619 0.0013205884 -0.9952759656 0.0970773319
5.3714285714 0.0013180440 -0.9952758868 0.0970781741
5.3809523810 0.0013155094 -0.9952758083 0.0970790132
5.3904761905 0.0013129845 -0.9952757301 0.0970798492
5.4000000000 0.0013104693 -0.9952756522 0.0970806821
5.4095238095 0.0013079636 -0.9952755745 0.0970815120
5.4190476190 0.0013054675 -0.9952754971 0.0970823389
5.4285714286 0.0013029808 -0.9952754200 0.0970831628
5.4380952381 0.0013005036 -0.9952753432 0.0970839836
5.4476190476 0.0012980358 -0.9952752667 0.0970848015
5.4571428571 0.0012955773 -0.9952751904 0.0970856165
5.4666666667 0.0012931280 -0.9952751143 0.0970864285
5.4761904762 0.0012906880 -0.9952750386 0.0970872375
5.4857142857 0.0012882571 -0.9952749631 0.0970880437
5.4952380952 0.0012858354 -0.9952748879 0.0970888469
5.5047619048 0.0012834227 -0.9952748129 0.0970896473
5.5142857143 0.0012810190 -0.9952747382 0.0970904447
5.5238095238 0.0012786243 -0.9952746638 0.0970912394
5.5333333333 0.0012762385 -0.9952745896 0.0970920312
5.5428571429 0.0012738615 -0.9952745157 0.0970928202
5.5523809524 0.0012714934 -0.9952744420 0.0970936063
5.5619047619 0.0012691340 -0.9952743686 0.0970943897
5.5714285714 0.0012667833 -0.9952742954 0.0970951703
5.5809523810 0.0012644414 -0.9952742225 0.0970959481
5.5904761905 0.0012621080 -0.9952741499 0.0970967232
5.6000000000 0.0012597832 -0.9952740775 0.0970974956
5.6095238095 0.0012574669 -0.9952740053 0.0970982652
5.6190476190 0.0012551591 -0.9952739334 0.0970990321
5.6285714286 0.0012528598 -0.9952738618 0.0970997964
5.6380952381 0.0012505688 -0.9952737903 0.0971005579
5.6476190476 0.0012482862 -0.9952737192 0.0971013168
5.6571428571 0.0012460119 -0.9952736482 0.0971020731
5.6666666667 0.0012437458 -0.9952735775 0.0971028267
5.6761904762 0.0012414879 -0.9952735071 0.0971035777
5.6857142857 0.0012392382 -0.9952734369 0.0971043261
5.6952380952 0.0012369966 -0.9952733669 0.0971050718
5.7047619048 0.0012347631 -0.9952732972 0.0971058150
5.7142857143 0.0012325376 -0.9952732277 0.0971065557
5.7238095238 0.0012303201 -0.9952731584 0.0971072938
5.7333333333 0.0012281105 -0.9952730894 0.0971080293
5.7428571429 0.0012259088 -0.9952730205 0.0971087623
5.7523809524 0.0012237150 -0.9952729520 0.0971094928
5.7619047619 0.0012215290 -0.9952728836 0.0971102208
5.7714285714 0.0012193508 -0.9952728155 0.0971109463
5.7809523810 0.0012171804 -0.9952727476 0.0971116693
5.7904761905 0.0012150176 -0.9952726800 0.0971123899
5.8000000000 0.0012128625 -0.9952726125 0.0971131080
5.8095238095 0.0012107149 -0.9952725453 0.0971138237
5.8190476190 0.0012085750 -0.9952724783 0.0971145369
5.8285714286 0.0012064426 -0.9952724115 0.0971152478
5.8380952381 0.0012043177 -0.9952723450 0.0971159562
5.8476190476 0.0012022002 -0.9952722786 0.0971166622
5.8571428571 0.0012000902 -0.9952722125 0.0971173659
5.8666666667 0.0011979875 -0.9952721466 0.0971180672
5.8761904762 0.0011958922 -0.9952720809 0.0971187661
5.8857142857 0.0011938041 -0.9952720155 0.0971194627
5.8952380952 0.0011917233 -0.9952719502 0.0971201570
5.9047619048 0.0011896498 -0.9952718852 0.0971208489
5.9142857143 0.0011875834 -0.9952718204 0.0971215386
5.9238095238 0.0011855242 -0.9952717557 0.0971222259
5.9333333333 0.0011834721 -0.9952716913 0.0971229110
5.9428571429 0.0011814271 -0.9952716271 0.0971235937
5.9523809524 0.0011793891 -0.9952715631 0.0971242743
5.9619047619 0.0011773581 -0.9952714994 0.0971249525
5.9714285714 0.0011753341 -0.9952714358 0.0971256285
5.9809523810 0.0011733170 -0.9952713724 0.0971263023
5.9904761905 0.0011713068 -0.9952713092 0.0971269739
6.0000000000 0.0011693034 -0.9952712463 0.0971276433
6.0095238095 0.0011673069 -0.9952711835 0.0971283105
6.0190476190 0.0011653172 -0.9952711209 0.0971289755
6.0285714286 0.0011633342 -0.9952710586 0.0971296383
6.0380952381 0.0011613580 -0.9952709964 0.0971302989
6.0476190476 0.0011593884 -0.9952709344 0.0971309574
6.0571428571 0.0011574255 -0.9952708727 0.0971316138
6.0666666667 0.0011554692 -0.9952708111 0.0971322680
6.0761904762 0.0011535195 -0.9952707497 0.0971329201
6.0857142857 0.0011515764 -0.9952706885 0.0971335701
6.0952380952 0.0011496398 -0.9952706275 0.0971342180
6.1047619048 0.0011477096 -0.9952705667 0.0971348638
6.1142857143 0.0011457860 -0.9952705061 0.0971355075
6.1238095238 0.0011438687 -0.9952704457 0.0971361491
6.1333333333 0.0011419578 -0.9952703855 0.0971367887
6.1428571429 0.0011400533 -0.9952703254 0.0971374262
6.1523809524 0.0011381552 -0.9952702656 0.0971380617
6.1619047619 0.0011362633 -0.9952702059 0.0971386951
6.1714285714 0.0011343777 -0.9952701465 0.0971393266
6.1809523810 0.0011324983 -0.9952700872 0.0971399560
6.1904761905 0.0011306251 -0.9952700281 0.0971405834
6.2000000000 0.0011287581 -0.9952699691 0.0971412088
6.2095238095 0.0011268972 -0.9952699104 0.0971418322
6.2190476190 0.0011250425 -0.9952698518 0.0971424537
6.2285714286 0.0011231938 -0.9952697935 0.0971430732
6.2380952381 0.0011213512 -0.9952697353 0.0971436907
6.2476190476 0.0011195146 -0.9952696772 0.0971443063
6.2571428571 0.0011176840 -0.9952696194 0.0971449200
6.2666666667 0.0011158594 -0.9952695617 0.0971455317
6.2761904762 0.0011140407 -0.9952695043 0.0971461415
6.2857142857 0.0011122279 -0.9952694470 0.0971467494
6.2952380952 0.0011104210 -0.9952693898 0.0971473554
6.3047619048 0.0011086199 -0.9952693329 0.0971479595
6.3142857143 0.0011068246 -0.9952692761 0.0971485617
6.3238095238 0.0011050352 -0.9952692195 0.0971491620
6.3333333333 0.0011032515 -0.9952691630 0.0971497605
6.3428571429 0.0011014735 -0.9952691068 0.0971503571
6.3523809524 0.0010997013 -0.9952690507 0.0971509518
6.3619047619 0.0010979347 -0.9952689947 0.0971515448
6.3714285714 0.0010961738 -0.9952689390 0.0971521359
6.3809523810 0.0010944185 -0.9952688834 0.0971527251
6.3904761905 0.0010926689 -0.9952688280 0.0971533126
6.4000000000 0.0010909248 -0.9952687727 0.0971538982
6.4095238095 0.0010891862 -0.9952687176 0.0971544820
6.4190476190 0.0010874532 -0.9952686627 0.0971550641
6.4285714286 0.0010857256 -0.9952686079 0.0971556444
6.4380952381 0.0010840036 -0.9952685534 0.0971562229
6.4476190476 0.0010822869 -0.9952684989 0.0971567996
6.4571428571 0.0010805757 -0.9952684447 0.0971573746
6.4666666667 0.0010788699 -0.9952683905 0.0971579478
6.4761904762 0.0010771694 -0.9952683366 0.0971585193
6.4857142857 0.0010754743 -0.9952682828 0.0971590890
6.4952380952 0.0010737845 -0.9952682292 0.0971596570
6.5047619048 0.0010721000 -0.9952681757 0.0971602233
6.5142857143 0.0010704208 -0.9952681224 0.0971607879
6.5238095238 0.0010687468 -0.9952680693 0.0971613508
6.5333333333 0.0010670780 -0.9952680163 0.0971619120
6.5428571429 0.0010654144 -0.9952679634 0.0971624715
6.5523809524 0.0010637560 -0.9952679107 0.0971630293
6.5619047619 0.0010621027 -0.9952678582 0.0971635855
6.5714285714 0.0010604546 -0.9952678058 0.0971641399
6.5809523810 0.0010588115 -0.9952677536 0.0971646928
6.5904761905 0.0010571736 -0.9952677016 0.0971652439
6.6000000000 0.0010555406 -0.9952676496 0.0971657935
6.6095238095 0.0010539127 -0.9952675979 0.0971663414
6.6190476190 0.0010522898 -0.9952675463 0.0971668876
6.6285714286 0.0010506719 -0.9952674948 0.0971674323
6.6380952381 0.0010490589 -0.9952674435 0.0971679753
6.6476190476 0.0010474509 -0.9952673923 0.0971685167
6.6571428571 0.0010458478 -0.9952673413 0.0971690566
6.6666666667 0.0010442496 -0.9952672904 0.0971695948
6.6761904762 0.0010426562 -0.9952672397 0.0971701315
6.6857142857 0.0010410677 -0.9952671891 0.0971706665
6.6952380952 0.0010394840 -0.9952671387 0.0971712000
6.7047619048 0.0010379052 -0.9952670884 0.0971717320
6.7142857143 0.0010363311 -0.9952670383 0.0971722623
6.7238095238 0.0010347617 -0.9952669883 0.0971727912
6.7333333333 0.0010331971 -0.9952669384 0.0971733184
6.7428571429 0.0010316372 -0.9952668887 0.0971738442
6.7523809524 0.0010300820 -0.9952668391 0.0971743684
6.7619047619 0.0010285315 -0.9952667897 0.0971748911
6.7714285714 0.0010269856 -0.9952667404 0.0971754122
6.7809523810 0.0010254444 -0.9952666913 0.0971759319
6.7904761905 0.0010239078 -0.9952666422 0.0971764501
6.8000000000 0.0010223757 -0.9952665934 0.0971769667
6.8095238095 0.0010208483 -0.9952665446 0.0971774819
6.8190476190 0.0010193253 -0.9952664960 0.0971779956
6.8285714286 0.0010178070 -0.9952664476 0.0971785078
6.8380952381 0.0010162931 -0.9952663993 0.0971790185
6.8476190476 0.0010147837 -0.9952663511 0.0971795277
6.8571428571 0.0010132788 -0.9952663030 0.0971800355
6.8666666667 0.0010117783 -0.9952662551 0.0971805419
6.8761904762 0.0010102822 -0.9952662073 0.0971810468
6.8857142857 0.0010087906 -0.9952661597 0.0971815503
6.8952380952 0.0010073034 -0.9952661122 0.0971820523
6.9047619048 0.0010058205 -0.9952660648 0.0971825529
6.9142857143 0.0010043420 -0.9952660176 0.0971830520
6.9238095238 0.0010028678 -0.9952659704 0.0971835498
6.9333333333 0.0010013979 -0.9952659234 0.0971840461
6.9428571429 0.0009999323 -0.9952658766 0.0971845411
6.9523809524 0.0009984710 -0.9952658299 0.0971850346
6.9619047619 0.0009970140 -0.9952657833 0.0971855268
6.9714285714 0.0009955612 -0.9952657368 0.0971860175
6.9809523810 0.0009941126 -0.9952656905 0.0971865069
6.9904761905 0.0009926682 -0.9952656443 0.0971869949
7.0000000000 0.0009912280 -0.9952655982 0.0971874816
7.0095238095 0.0009897920 -0.9952655522 0.0971879668
7.0190476190 0.0009883601 -0.9952655064 0.0971884508
7.0285714286 0.0009869323 -0.9952654607 0.0971889333
7.0380952381 0.0009855087 -0.9952654151 0.0971894145
7.0476190476 0.0009840891 -0.9952653696 0.0971898944
7.0571428571 0.0009826736 -0.9952653243 0.0971903729
7.0666666667 0.0009812622 -0.9952652791 0.0971908501
7.0761904762 0.0009798549 -0.9952652340 0.0971913260
7.0857142857 0.0009784515 -0.9952651890 0.0971918006
7.0952380952 0.0009770522 -0.9952651442 0.0971922738
7.1047619048 0.0009756568 -0.9952650995 0.0971927458
7.1142857143 0.0009742654 -0.9952650549 0.0971932164
7.1238095238 0.0009728780 -0.9952650104 0.0971936858
7.1333333333 0.0009714945 -0.9952649661 0.0971941538
7.1428571429 0.0009701150 -0.9952649218 0.0971946206
7.1523809524 0.0009687393 -0.9952648777 0.0971950861
7.1619047619 0.0009673676 -0.9952648337 0.0971955503
7.1714285714 0.0009659997 -0.9952647898 0.0971960132
7.1809523810 0.0009646356 -0.9952647461 0.0971964749
7.1904761905 0.0009632754 -0.9952647024 0.0971969353
7.2000000000 0.0009619191 -0.9952646589 0.0971973944
7.2095238095 0.0009605665 -0.9952646155 0.0971978523
7.2190476190 0.0009592177 -0.9952645722 0.0971983090
7.2285714286 0.0009578728 -0.9952645290 0.0971987644
7.2380952381 0.0009565315 -0.9952644859 0.0971992186
7.2476190476 0.0009551940 -0.9952644430 0.0971996716
7.2571428571 0.0009538603 -0.9952644001 0.0972001233
7.2666666667 0.0009525302 -0.9952643574 0.0972005738
7.2761904762 0.0009512039 -0.9952643148 0.0972010231
7.2857142857 0.0009498812 -0.9952642723 0.0972014712
7.2952380952 0.0009485622 -0.9952642299 0.0972019180
7.3047619048 0.0009472469 -0.9952641876 0.0972023637
7.3142857143 0.0009459352 -0.9952641455 0.0972028082
7.3238095238 0.0009446271 -0.9952641034 0.0972032515
7.3333333333 0.0009433226 -0.9952640615 0.0972036936
7.3428571429 0.0009420218 -0.9952640197 0.0972041345
7.3523809524 0.0009407244 -0.9952639779 0.0972045743
7.3619047619 0.0009394307 -0.9952639363 0.0972050128
7.3714285714 0.0009381405 -0.9952638948 0.0972054502
7.3809523810 0.0009368538 -0.9952638534 0.0972058865
7.3904761905 0.0009355707 -0.9952638121 0.0972063216
7.4000000000 0.0009342911 -0.9952637710 0.0972067555
7.4095238095 0.0009330149 -0.9952637299 0.0972071883
7.4190476190 0.0009317422 -0.9952636889 0.0972076199
7.4285714286 0.0009304730 -0.9952636481 0.0972080504
7.4380952381 0.0009292073 -0.9952636073 0.0972084798
7.4476190476 0.0009279450 -0.9952635667 0.0972089080
7.4571428571 0.0009266860 -0.9952635261 0.0972093351
7.4666666667 0.0009254305 -0.9952634857 0.0972097611
7.4761904762 0.0009241784 -0.9952634453 0.0972101860
7.4857142857 0.0009229297 -0.9952634051 0.0972106097
7.4952380952 0.0009216843 -0.9952633650 0.0972110324
7.5047619048 0.0009204423 -0.9952633250 0.0972114539
7.5142857143 0.0009192036 -0.9952632850 0.0972118743
7.5238095238 0.0009179683 -0.9952632452 0.0972122937
7.5333333333 0.0009167363 -0.9952632055 0.0972127119
7.5428571429 0.0009155075 -0.9952631659 0.0972131291
7.5523809524 0.0009142821 -0.9952631264 0.0972135452
7.5619047619 0.0009130599 -0.9952630870 0.0972139602
7.5714285714 0.0009118409 -0.9952630476 0.0972143741
7.5809523810 0.0009106253 -0.9952630084 0.0972147869
7.5904761905 0.0009094128 -0.9952629693 0.0972151987
7.6000000000 0.0009082036 -0.9952629303 0.0972156095
7.6095238095 0.0009069976 -0.9952628914 0.0972160191
7.6190476190 0.0009057947 -0.9952628526 0.0972164277
7.6285714286 0.0009045951 -0.9952628139 0.0972168353
7.6380952381 0.0009033986 -0.9952627752 0.0972172418
7.6476190476 0.0009022053 -0.9952627367 0.0972176473
7.6571428571 0.0009010151 -0.9952626983 0.0972180517
7.6666666667 0.0008998281 -0.9952626599 0.0972184551
7.6761904762 0.0008986441 -0.9952626217 0.0972188575
7.6857142857 0.0008974633 -0.9952625836 0.0972192589
7.6952380952 0.0008962856 -0.9952625455 0.0972196592
7.7047619048 0.0008951109 -0.9952625076 0.0972200585
7.7142857143 0.0008939394 -0.9952624697 0.0972204568
7.7238095238 0.0008927709 -0.9952624320 0.0972208541
7.7333333333 0.0008916054 -0.9952623943 0.0972212503
7.7428571429 0.0008904430 -0.9952623567 0.0972216456
7.7523809524 0.0008892836 -0.9952623193 0.0972220399
7.7619047619 0.0008881272 -0.9952622819 0.0972224332
7.7714285714 0.0008869738 -0.9952622446 0.0972228254
7.7809523810 0.0008858234 -0.9952622074 0.0972232167
7.7904761905 0.0008846759 -0.9952621703 0.0972236070
7.8000000000 0.0008835314 -0.9952621333 0.0972239964
7.8095238095 0.0008823899 -0.9952620963 0.0972243847
7.8190476190 0.0008812514 -0.9952620595 0.0972247721
7.8285714286 0.0008801157 -0.9952620228 0.0972251585
7.8380952381 0.0008789830 -0.9952619861 0.0972255440
7.8476190476 0.0008778532 -0.9952619495 0.0972259285
7.8571428571 0.0008767263 -0.9952619131 0.0972263120
7.8666666667 0.0008756022 -0.9952618767 0.0972266945
7.8761904762 0.0008744811 -0.9952618404 0.0972270762
7.8857142857 0.0008733628 -0.9952618042 0.0972274568
7.8952380952 0.0008722473 -0.9952617681 0.0972278366
7.9047619048 0.0008711347 -0.9952617320 0.0972282153
7.9142857143 0.0008700249 -0.9952616961 0.0972285932
7.9238095238 0.0008689180 -0.9952616602 0.0972289701
7.9333333333 0.0008678139 -0.9952616245 0.0972293461
7.9428571429 0.0008667125 -0.9952615888 0.0972297211
7.9523809524 0.0008656140 -0.9952615532 0.0972300953
7.9619047619 0.0008645182 -0.9952615177 0.0972304685
7.9714285714 0.0008634252 -0.9952614823 0.0972308408
7.9809523810 0.0008623349 -0.9952614469 0.0972312122
7.9904761905 0.0008612474 -0.9952614117 0.0972315826
8.0000000000 0.0008601627 -0.9952613765 0.0972319522
8.0095238095 0.0008590806 -0.9952613414 0.0972323208
8.0190476190 0.0008580013 -0.9952613064 0.0972326886
8.0285714286 0.0008569247 -0.9952612715 0.0972330555
8.0380952381 0.0008558507 -0.9952612367 0.0972334214
8.0476190476 0.0008547795 -0.9952612020 0.0972337865
8.0571428571 0.0008537109 -0.9952611673 0.0972341507
8.0666666667 0.0008526450 -0.9952611327 0.0972345140
8.0761904762 0.0008515818 -0.9952610982 0.0972348764
8.0857142857 0.0008505212 -0.9952610638 0.0972352380
8.0952380952 0.0008494632 -0.9952610295 0.0972355987
8.1047619048 0.0008484079 -0.9952609952 0.0972359585
8.1142857143 0.0008473551 -0.9952609610 0.0972363174
8.1238095238 0.0008463050 -0.9952609269 0.0972366755
8.1333333333 0.0008452575 -0.9952608929 0.0972370327
8.1428571429 0.0008442125 -0.9952608590 0.0972373890
8.1523809524 0.0008431702 -0.9952608252 0.0972377445
8.1619047619 0.0008421304 -0.9952607914 0.0972380992
8.1714285714 0.0008410932 -0.9952607577 0.0972384529
8.1809523810 0.0008400585 -0.9952607241 0.0972388059
8.1904761905 0.0008390263 -0.9952606906 0.0972391580
8.2000000000 0.0008379967 -0.9952606571 0.0972395093
8.2095238095 0.0008369696 -0.9952606237 0.0972398597
8.2190476190 0.0008359450 -0.9952605904 0.0972402093
8.2285714286 0.0008349230 -0.9952605572 0.0972405580
8.2380952381 0.0008339034 -0.9952605241 0.0972409059
8.2476190476 0.0008328863 -0.9952604910 0.0972412530
8.2571428571 0.0008318716 -0.9952604580 0.0972415993
8.2666666667 0.0008308595 -0.9952604251 0.0972419448
8.2761904762 0.0008298498 -0.9952603923 0.0972422894
8.2857142857 0.0008288425 -0.9952603596 0.0972426333
8.2952380952 0.0008278377 -0.9952603269 0.0972429763
8.3047619048 0.0008268353 -0.9952602943 0.0972433185
8.3142857143 0.0008258353 -0.9952602617 0.0972436599
8.3238095238 0.0008248378 -0.9952602293 0.0972440005
8.3333333333 0.0008238426 -0.9952601969 0.0972443403
8.3428571429 0.0008228499 -0.9952601646 0.0972446793
8.3523809524 0.0008218595 -0.9952601324 0.0972450175
8.3619047619 0.0008208715 -0.9952601002 0.0972453549
8.3714285714 0.0008198859 -0.9952600682 0.0972456916
8.3809523810 0.0008189026 -0.9952600361 0.0972460274
8.3904761905 0.0008179217 -0.9952600042 0.0972463625
8.4000000000 0.0008169432 -0.9952599724 0.0972466968
8.4095238095 0.0008159670 -0.9952599406 0.0972470303
8.4190476190 0.0008149931 -0.9952599089 0.0972473630
8.4285714286 0.0008140215 -0.9952598772 0.0972476950
8.4380952381 0.0008130522 -0.9952598456 0.0972480261
8.4476190476 0.0008120853 -0.9952598142 0.0972483566
8.4571428571 0.0008111206 -0.9952597827 0.0972486862
8.4666666667 0.0008101582 -0.9952597514 0.0972490151
8.4761904762 0.0008091981 -0.9952597201 0.0972493432
8.4857142857 0.0008082403 -0.9952596889 0.0972496706
8.4952380952 0.0008072847 -0.9952596577 0.0972499973
8.5047619048 0.0008063314 -0.9952596267 0.0972503231
8.5142857143 0.0008053803 -0.9952595957 0.0972506483
8.5238095238 0.0008044315 -0.9952595647 0.0972509726
8.5333333333 0.0008034849 -0.9952595339 0.0972512963
8.5428571429 0.0008025405 -0.9952595031 0.0972516192
8.5523809524 0.0008015983 -0.9952594724 0.0972519413
8.5619047619 0.0008006584 -0.9952594417 0.0972522628
8.5714285714 0.0007997206 -0.9952594111 0.0972525834
8.5809523810 0.0007987851 -0.9952593806 0.0972529034
8.5904761905 0.0007978517 -0.9952593502 0.0972532226
8.6000000000 0.0007969205 -0.9952593198 0.0972535411
8.6095238095 0.0007959914 -0.9952592895 0.0972538589
8.6190476190 0.0007950646 -0.9952592593 0.0972541760
8.6285714286 0.0007941398 -0.9952592291 0.0972544923
8.6380952381 0.0007932173 -0.9952591990 0.0972548079
8.6476190476 0.0007922968 -0.9952591689 0.0972551229
8.6571428571 0.0007913785 -0.9952591390 0.0972554371
8.6666666667 0.0007904623 -0.9952591091 0.0972557506
8.6761904762 0.0007895483 -0.9952590792 0.0972560633
8.6857142857 0.0007886363 -0.9952590494 0.0972563754
8.6952380952 0.0007877265 -0.9952590197 0.0972566868
8.7047619048 0.0007868187 -0.9952589901 0.0972569975
8.7142857143 0.0007859130 -0.9952589605 0.0972573075
8.7238095238 0.0007850094 -0.9952589310 0.0972576168
8.7333333333 0.0007841079 -0.9952589016 0.0972579254
8.7428571429 0.0007832085 -0.9952588722 0.0972582333
8.7523809524 0.0007823111 -0.9952588429 0.0972585405
8.7619047619 0.0007814157 -0.9952588136 0.0972588470
8.7714285714 0.0007805224 -0.9952587844 0.0972591529
8.7809523810 0.0007796312 -0.9952587553 0.0972594580
8.7904761905 0.0007787419 -0.9952587262 0.0972597625
8.8000000000 0.0007778547 -0.9952586972 0.0972600663
8.8095238095 0.0007769696 -0.9952586683 0.0972603695
8.8190476190 0.0007760864 -0.9952586394 0.0972606720
8.8285714286 0.0007752052 -0.9952586106 0.0972609738
8.8380952381 0.0007743260 -0.9952585819 0.0972612749
8.8476190476 0.0007734488 -0.9952585532 0.0972615754
8.8571428571 0.0007725736 -0.9952585246 0.0972618752
8.8666666667 0.0007717004 -0.9952584960 0.0972621743
8.8761904762 0.0007708292 -0.9952584675 0.0972624728
8.8857142857 0.0007699599 -0.9952584391 0.0972627706
8.8952380952 0.0007690925 -0.9952584107 0.0972630678
8.9047619048 0.0007682271 -0.9952583824 0.0972633643
8.9142857143 0.0007673637 -0.9952583542 0.0972636602
8.9238095238 0.0007665022 -0.9952583260 0.0972639554
8.9333333333 0.0007656426 -0.9952582979 0.0972642500
8.9428571429 0.0007647849 -0.9952582698 0.0972645439
8.9523809524 0.0007639292 -0.9952582418 0.0972648372
8.9619047619 0.0007630754 -0.9952582138 0.0972651299
8.9714285714 0.0007622235 -0.9952581860 0.0972654219
8.9809523810 0.0007613734 -0.9952581581 0.0972657133
8.9904761905 0.0007605253 -0.9952581304 0.0972660041
9.0000000000 0.0007596791 -0.9952581027 0.0972662942
9.0095238095 0.0007588347 -0.9952580750 0.0972665837
9.0190476190 0.0007579922 -0.9952580474 0.0972668725
9.0285714286 0.0007571516 -0.9952580199 0.0972671608
9.0380952381 0.0007563128 -0.9952579924 0.0972674484
9.0476190476 0.0007554759 -0.9952579650 0.0972677354
9.0571428571 0.0007546408 -0.9952579377 0.0972680218
9.0666666667 0.0007538076 -0.9952579104 0.0972683075
9.0761904762 0.0007529762 -0.9952578831 0.0972685927
9.0857142857 0.0007521467 -0.9952578559 0.0972688772
9.0952380952 0.0007513189 -0.9952578288 0.0972691611
9.1047619048 0.0007504930 -0.9952578017 0.0972694444
9.1142857143 0.0007496689 -0.9952577747 0.0972697271
9.1238095238 0.0007488466 -0.9952577478 0.0972700092
9.1333333333 0.0007480261 -0.9952577209 0.0972702907
9.1428571429 0.0007472074 -0.9952576941 0.0972705716
9.1523809524 0.0007463905 -0.9952576673 0.0972708519
9.1619047619 0.0007455754 -0.9952576405 0.0972711316
9.1714285714 0.0007447621 -0.9952576139 0.0972714107
9.1809523810 0.0007439505 -0.9952575873 0.0972716892
9.1904761905 0.0007431407 -0.9952575607 0.0972719671
9.2000000000 0.0007423326 -0.9952575342 0.0972722445
9.2095238095 0.0007415263 -0.9952575078 0.0972725212
9.2190476190 0.0007407217 -0.9952574814 0.0972727974
9.2285714286 0.0007399189 -0.9952574550 0.0972730729
9.2380952381 0.0007391178 -0.9952574288 0.0972733479
9.2476190476 0.0007383185 -0.9952574025 0.0972736223
9.2571428571 0.0007375209 -0.9952573764 0.0972738962
9.2666666667 0.0007367250 -0.9952573502 0.0972741694
9.2761904762 0.0007359308 -0.9952573242 0.0972744421
9.2857142857 0.0007351383 -0.9952572982 0.0972747142
9.2952380952 0.0007343475 -0.9952572722 0.0972749857
9.3047619048 0.0007335585 -0.9952572463 0.0972752567
9.3142857143 0.0007327711 -0.9952572205 0.0972755271
9.3238095238 0.0007319854 -0.9952571947 0.0972757969
9.3333333333 0.0007312014 -0.9952571689 0.0972760662
9.3428571429 0.0007304190 -0.9952571432 0.0972763349
9.3523809524 0.0007296384 -0.9952571176 0.0972766030
9.3619047619 0.0007288594 -0.9952570920 0.0972768706
9.3714285714 0.0007280820 -0.9952570665 0.0972771376
9.3809523810 0.0007273063 -0.9952570410 0.0972774041
9.3904761905 0.0007265323 -0.9952570156 0.0972776700
9.4000000000 0.0007257599 -0.9952569902 0.0972779354
9.4095238095 0.0007249892 -0.9952569649 0.0972782002
9.4190476190 0.0007242200 -0.9952569396 0.0972784644
9.4285714286 0.0007234525 -0.9952569144 0.0972787282
9.4380952381 0.0007226867 -0.9952568892 0.0972789913
9.4476190476 0.0007219224 -0.9952568641 0.0972792540
9.4571428571 0.0007211598 -0.9952568391 0.0972795160
9.4666666667 0.0007203988 -0.9952568140 0.0972797776
9.4761904762 0.0007196393 -0.9952567891 0.0972800386
9.4857142857 0.0007188815 -0.9952567642 0.0972802991
9.4952380952 0.0007181253 -0.9952567393 0.0972805590
9.5047619048 0.0007173706 -0.9952567145 0.0972808184
9.5142857143 0.0007166175 -0.9952566897 0.0972810773
9.5238095238 0.0007158661 -0.9952566650 0.0972813356
9.5333333333 0.0007151162 -0.9952566404 0.0972815934
9.5428571429 0.0007143678 -0.9952566158 0.0972818507
9.5523809524 0.0007136210 -0.9952565912 0.0972821075
9.5619047619 0.0007128758 -0.9952565667 0.0972823637
9.5714285714 0.0007121321 -0.9952565422 0.0972826194
9.5809523810 0.0007113900 -0.9952565178 0.0972828746
9.5904761905 0.0007106494 -0.9952564934 0.0972831293
9.6000000000 0.0007099104 -0.9952564691 0.0972833834
9.6095238095 0.0007091729 -0.9952564449 0.0972836371
9.6190476190 0.0007084369 -0.9952564206 0.0972838902
9.6285714286 0.0007077025 -0.9952563965 0.0972841428
9.6380952381 0.0007069695 -0.9952563723 0.0972843949
9.6476190476 0.0007062381 -0.9952563483 0.0972846465
9.6571428571 0.0007055082 -0.9952563243 0.0972848976
9.6666666667 0.0007047798 -0.9952563003 0.0972851482
9.6761904762 0.0007040529 -0.9952562763 0.0972853982
9.6857142857 0.0007033275 -0.9952562525 0.0972856478
9.6952380952 0.0007026036 -0.9952562286 0.0972858969
9.7047619048 0.0007018812 -0.9952562048 0.0972861454
9.7142857143 0.0007011602 -0.9952561811 0.0972863935
9.7238095238 0.0007004408 -0.9952561574 0.0972866411
9.7333333333 0.0006997228 -0.9952561338 0.0972868881
9.7428571429 0.0006990063 -0.9952561102 0.0972871347
9.7523809524 0.0006982912 -0.9952560866 0.0972873808
9.7619047619 0.0006975776 -0.9952560631 0.0972876264
9.7714285714 0.0006968655 -0.9952560396 0.0972878715
9.7809523810 0.0006961548 -0.9952560162 0.0972881161
9.7904761905 0.0006954456 -0.9952559929 0.0972883602
9.8000000000 0.0006947378 -0.9952559695 0.0972886039
9.8095238095 0.0006940314 -0.9952559463 0.0972888470
9.8190476190 0.0006933265 -0.9952559230 0.0972890897
9.8285714286 0.0006926230 -0.9952558998 0.0972893319
9.8380952381 0.0006919209 -0.9952558767 0.0972895736
9.8476190476 0.0006912203 -0.9952558536 0.0972898149
9.8571428571 0.0006905210 -0.9952558306 0.0972900556
9.8666666667 0.0006898232 -0.9952558076 0.0972902959
9.8761904762 0.0006891268 -0.9952557846 0.0972905357
9.8857142857 0.0006884318 -0.9952557617 0.0972907750
9.8952380952 0.0006877382 -0.9952557388 0.0972910139
9.9047619048 0.0006870460 -0.9952557160 0.0972912523
9.9142857143 0.0006863551 -0.9952556932 0.0972914902
9.9238095238 0.0006856657 -0.9952556705 0.0972917277
9.9333333333 0.0006849776 -0.9952556478 0.0972919647
9.9428571429 0.0006842910 -0.9952556251 0.0972922012
9.9523809524 0.0006836057 -0.9952556025 0.0972924372
9.9619047619 0.0006829217 -0.9952555800 0.0972926728
9.9714285714 0.0006822392 -0.9952555574 0.0972929080
9.9809523810 0.0006815580 -0.9952555350 0.0972931427
9.9904761905 0.0006808781 -0.9952555125 0.0972933769
10.0000000000 0.0006801996 -0.9952554901 0.0972936107
10.0095238095 0.0006795225 -0.9952554678 0.0972938440
10.0190476190 0.0006788467 -0.9952554455 0.0972940768
10.0285714286 0.0006781722 -0.9952554232 0.0972943092
10.0380952381 0.0006774991 -0.9952554010 0.0972945412
10.0476190476 0.0006768273 -0.9952553788 0.0972947727
10.0571428571 0.0006761569 -0.9952553567 0.0972950037
10.0666666667 0.0006754877 -0.9952553346 0.0972952344
10.0761904762 0.0006748199 -0.9952553126 0.0972954645
10.0857142857 0.0006741534 -0.9952552906 0.0972956942
10.0952380952 0.0006734883 -0.9952552686 0.0972959235
10.1047619048 0.0006728244 -0.9952552467 0.0972961523
10.1142857143 0.0006721618 -0.9952552248 0.0972963807
10.1238095238 0.0006715006 -0.9952552030 0.0972966087
10.1333333333 0.0006708406 -0.9952551812 0.0972968362
10.1428571429 0.0006701820 -0.9952551594 0.0972970633
10.1523809524 0.0006695246 -0.9952551377 0.0972972899
10.1619047619 0.0006688685 -0.9952551160 0.0972975161
10.1714285714 0.0006682137 -0.9952550944 0.0972977419
10.1809523810 0.0006675602 -0.9952550728 0.0972979672
10.1904761905 0.0006669079 -0.9952550513 0.0972981921
10.2000000000 0.0006662570 -0.9952550297 0.0972984166
10.2095238095 0.0006656073 -0.9952550083 0.0972986407
10.2190476190 0.0006649588 -0.9952549868 0.0972988643
10.2285714286 0.0006643117 -0.9952549655 0.0972990875
10.2380952381 0.0006636657 -0.9952549441 0.0972993103
10.2476190476 0.0006630211 -0.9952549228 0.0972995326
10.2571428571 0.0006623777 -0.9952549015 0.0972997545
10.2666666667 0.0006617355 -0.9952548803 0.0972999760
10.2761904762 0.0006610946 -0.9952548591 0.0973001971
10.2857142857 0.0006604549 -0.9952548380 0.0973004178
10.2952380952 0.0006598164 -0.9952548169 0.0973006381
10.3047619048 0.0006591792 -0.9952547958 0.0973008579
10.3142857143 0.0006585432 -0.9952547748 0.0973010773
10.3238095238 0.0006579085 -0.9952547538 0.0973012963
10.3333333333 0.0006572749 -0.9952547328 0.0973015149
10.3428571429 0.0006566426 -0.9952547119 0.0973017331
10.3523809524 0.0006560115 -0.9952546910 0.0973019509
10.3619047619 0.0006553816 -0.9952546702 0.0973021682
10.3714285714 0.0006547529 -0.9952546494 0.0973023852
10.3809523810 0.0006541254 -0.9952546286 0.0973026017
10.3904761905 0.0006534991 -0.9952546079 0.0973028178
10.4000000000 0.0006528740 -0.9952545872 0.0973030336
10.4095238095 0.0006522501 -0.9952545666 0.0973032489
10.4190476190 0.0006516274 -0.9952545460 0.0973034638
10.4285714286 0.0006510059 -0.9952545254 0.0973036784
10.4380952381 0.0006503856 -0.9952545049 0.0973038925
10.4476190476 0.0006497664 -0.9952544844 0.0973041062
10.4571428571 0.0006491484 -0.9952544639 0.0973043196
10.4666666667 0.0006485316 -0.9952544435 0.0973045325
10.4761904762 0.0006479160 -0.9952544232 0.0973047450
10.4857142857 0.0006473015 -0.9952544028 0.0973049572
10.4952380952 0.0006466882 -0.9952543825 0.0973051689
10.5047619048 0.0006460761 -0.9952543622 0.0973053803
10.5142857143 0.0006454651 -0.9952543420 0.0973055912
10.5238095238 0.0006448553 -0.9952543218 0.0973058018
10.5333333333 0.0006442466 -0.9952543017 0.0973060120
10.5428571429 0.0006436390 -0.9952542815 0.0973062218
10.5523809524 0.0006430327 -0.9952542615 0.0973064312
10.5619047619 0.0006424274 -0.9952542414 0.0973066402
10.5714285714 0.0006418233 -0.9952542214 0.0973068489
10.5809523810 0.0006412203 -0.9952542014 0.0973070571
10.5904761905 0.0006406185 -0.9952541815 0.0973072650
10.6000000000 0.0006400177 -0.9952541616 0.0973074725
10.6095238095 0.0006394182 -0.9952541417 0.0973076796
10.6190476190 0.0006388197 -0.9952541219 0.0973078863
10.6285714286 0.0006382223 -0.9952541021 0.0973080927
10.6380952381 0.0006376261 -0.9952540824 0.0973082986
10.6476190476 0.0006370310 -0.9952540626 0.0973085042
10.6571428571 0.0006364369 -0.9952540430 0.0973087095
10.6666666667 0.0006358440 -0.9952540233 0.0973089143
10.6761904762 0.0006352522 -0.9952540037 0.0973091188
10.6857142857 0.0006346615 -0.9952539841 0.0973093229
10.6952380952 0.0006340719 -0.9952539646 0.0973095266
10.7047619048 0.0006334834 -0.9952539451 0.0973097300
10.7142857143 0.0006328959 -0.9952539256 0.0973099330
10.7238095238 0.0006323096 -0.9952539061 0.0973101356
10.7333333333 0.0006317243 -0.9952538867 0.0973103378
10.7428571429 0.0006311402 -0.9952538674 0.0973105397
10.7523809524 0.0006305571 -0.9952538480 0.0973107412
10.7619047619 0.0006299751 -0.9952538287 0.0973109424
10.7714285714 0.0006293941 -0.9952538095 0.0973111432
10.7809523810 0.0006288142 -0.9952537902 0.0973113436
10.7904761905 0.0006282354 -0.9952537710 0.0973115437
10.8000000000 0.0006276577 -0.9952537519 0.0973117434
10.8095238095 0.0006270810 -0.9952537328 0.0973119428
10.8190476190 0.0006265054 -0.9952537137 0.0973121417
10.8285714286 0.0006259308 -0.9952536946 0.0973123404
10.8380952381 0.0006253573 -0.9952536756 0.0973125387
10.8476190476 0.0006247848 -0.9952536566 0.0973127366
10.8571428571 0.0006242134 -0.9952536376 0.0973129341
10.8666666667 0.0006236430 -0.9952536187 0.0973131314
10.8761904762 0.0006230736 -0.9952535998 0.0973133282
10.8857142857 0.0006225053 -0.9952535809 0.0973135247
10.8952380952 0.0006219381 -0.9952535621 0.0973137209
10.9047619048 0.0006213718 -0.9952535433 0.0973139167
10.9142857143 0.0006208066 -0.9952535246 0.0973141121
10.9238095238 0.0006202425 -0.9952535058 0.0973143073
10.9333333333 0.0006196793 -0.9952534872 0.0973145020
10.9428571429 0.0006191172 -0.9952534685 0.0973146964
10.9523809524 0.0006185560 -0.9952534499 0.0973148905
10.9619047619 0.0006179959 -0.9952534313 0.0973150842
10.9714285714 0.0006174369 -0.9952534127 0.0973152776
10.9809523810 0.0006168788 -0.9952533942 0.0973154707
10.9904761905 0.0006163217 -0.9952533757 0.0973156634
11.0000000000 0.0006157656 -0.9952533572 0.0973158557
11.0095238095 0.0006152106 -0.9952533388 0.0973160477
11.0190476190 0.0006146565 -0.9952533204 0.0973162394
11.0285714286 0.0006141034 -0.9952533020 0.0973164307
11.0380952381 0.0006135514 -0.9952532837 0.0973166218
11.0476190476 0.0006130003 -0.9952532654 0.0973168124
11.0571428571 0.0006124502 -0.9952532471 0.0973170027
11.0666666667 0.0006119011 -0.9952532289 0.0973171927
11.0761904762 0.0006113529 -0.9952532107 0.0973173824
11.0857142857 0.0006108058 -0.9952531925 0.0973175717
11.0952380952 0.0006102596 -0.9952531743 0.0973177607
11.1047619048 0.0006097144 -0.9952531562 0.0973179494
11.1142857143 0.0006091702 -0.9952531381 0.0973181377
11.1238095238 0.0006086270 -0.9952531201 0.0973183258
11.1333333333 0.0006080847 -0.9952531021 0.0973185134
11.1428571429 0.0006075434 -0.9952530841 0.0973187008
11.1523809524 0.0006070030 -0.9952530661 0.0973188878
11.1619047619 0.0006064636 -0.9952530482 0.0973190745
11.1714285714 0.0006059252 -0.9952530303 0.0973192609
11.1809523810 0.0006053877 -0.9952530124 0.0973194469
11.1904761905 0.0006048512 -0.9952529946 0.0973196327
11.2000000000 0.0006043156 -0.9952529768 0.0973198181
11.2095238095 0.0006037809 -0.9952529590 0.0973200031
11.2190476190 0.0006032472 -0.9952529413 0.0973201879
11.2285714286 0.0006027145 -0.9952529236 0.0973203723
11.2380952381 0.0006021827 -0.9952529059 0.0973205565
11.2476190476 0.0006016518 -0.9952528882 0.0973207403
11.2571428571 0.0006011219 -0.9952528706 0.0973209238
11.2666666667 0.0006005929 -0.9952528530 0.0973211069
11.2761904762 0.0006000648 -0.9952528355 0.0973212898
11.2857142857 0.0005995376 -0.9952528179 0.0973214723
11.2952380952 0.0005990114 -0.9952528004 0.0973216545
11.3047619048 0.0005984861 -0.9952527829 0.0973218365
11.3142857143 0.0005979617 -0.9952527655 0.0973220181
11.3238095238 0.0005974383 -0.9952527481 0.0973221993
11.3333333333 0.0005969157 -0.9952527307 0.0973223803
11.3428571429 0.0005963941 -0.9952527134 0.0973225610
11.3523809524 0.0005958734 -0.9952526960 0.0973227413
11.3619047619 0.0005953535 -0.9952526787 0.0973229214
11.3714285714 0.0005948346 -0.9952526615 0.0973231011
11.3809523810 0.0005943166 -0.9952526442 0.0973232806
11.3904761905 0.0005937995 -0.9952526270 0.0973234597
11.4000000000 0.0005932833 -0.9952526098 0.0973236385
11.4095238095 0.0005927680 -0.9952525927 0.0973238170
11.4190476190 0.0005922536 -0.9952525756 0.0973239952
11.4285714286 0.0005917400 -0.9952525585 0.0973241731
11.4380952381 0.0005912274 -0.9952525414 0.0973243508
11.4476190476 0.0005907156 -0.9952525244 0.0973245281
11.4571428571 0.0005902048 -0.9952525074 0.0973247051
11.4666666667 0.0005896948 -0.9952524904 0.0973248818
11.4761904762 0.0005891857 -0.9952524735 0.0973250582
11.4857142857 0.0005886775 -0.9952524565 0.0973252343
11.4952380952 0.0005881701 -0.9952524396 0.0973254101
11.5047619048 0.0005876636 -0.9952524228 0.0973255856
11.5142857143 0.0005871580 -0.9952524059 0.0973257608
11.5238095238 0.0005866533 -0.9952523891 0.0973259357
11.5333333333 0.0005861494 -0.9952523724 0.0973261104
11.5428571429 0.0005856464 -0.9952523556 0.0973262847
11.5523809524 0.0005851442 -0.9952523389 0.0973264587
11.5619047619 0.0005846430 -0.9952523222 0.0973266325
11.5714285714 0.0005841425 -0.9952523055 0.0973268059
11.5809523810 0.0005836430 -0.9952522889 0.0973269791
11.5904761905 0.0005831442 -0.9952522723 0.0973271520
11.6000000000 0.0005826464 -0.9952522557 0.0973273245
11.6095238095 0.0005821493 -0.9952522391 0.0973274968
11.6190476190 0.0005816532 -0.9952522226 0.0973276688
11.6285714286 0.0005811578 -0.9952522061 0.0973278405
11.6380952381 0.0005806634 -0.9952521896 0.0973280120
11.6476190476 0.0005801697 -0.9952521732 0.0973281831
11.6571428571 0.0005796769 -0.9952521567 0.0973283540
11.6666666667 0.0005791849 -0.9952521403 0.0973285246
11.6761904762 0.0005786938 -0.9952521240 0.0973286948
11.6857142857 0.0005782035 -0.9952521076 0.0973288649
11.6952380952 0.0005777140 -0.9952520913 0.0973290346
11.7047619048 0.0005772254 -0.9952520750 0.0973292040
11.7142857143 0.0005767375 -0.9952520588 0.0973293732
11.7238095238 0.0005762505 -0.9952520425 0.0973295421
11.7333333333 0.0005757644 -0.9952520263 0.0973297107
11.7428571429 0.0005752790 -0.9952520102 0.0973298790
11.7523809524 0.0005747945 -0.9952519940 0.0973300470
11.7619047619 0.0005743107 -0.9952519779 0.0973302148
11.7714285714 0.0005738278 -0.9952519618 0.0973303823
11.7809523810 0.0005733457 -0.9952519457 0.0973305495
11.7904761905 0.0005728644 -0.9952519296 0.0973307164
11.8000000000 0.0005723839 -0.9952519136 0.0973308831
11.8095238095 0.0005719042 -0.9952518976 0.0973310495
11.8190476190 0.0005714254 -0.9952518817 0.0973312156
11.8285714286 0.0005709473 -0.9952518657 0.0973313814
11.8380952381 0.0005704700 -0.9952518498 0.0973315470
11.8476190476 0.0005699935 -0.9952518339 0.0973317123
11.8571428571 0.0005695178 -0.9952518180 0.0973318773
11.8666666667 0.0005690429 -0.9952518022 0.0973320421
11.8761904762 0.0005685688 -0.9952517864 0.0973322066
11.8857142857 0.0005680955 -0.9952517706 0.0973323708
11.8952380952 0.0005676230 -0.9952517548 0.0973325348
11.9047619048 0.0005671512 -0.9952517391 0.0973326984
11.9142857143 0.0005666803 -0.9952517234 0.0973328619
11.9238095238 0.0005662101 -0.9952517077 0.0973330250
11.9333333333 0.0005657407 -0.9952516920 0.0973331879
11.9428571429 0.0005652721 -0.9952516764 0.0973333505
11.9523809524 0.0005648042 -0.9952516608 0.0973335129
11.9619047619 0.0005643371 -0.9952516452 0.0973336750
11.9714285714 0.0005638708 -0.9952516296 0.0973338368
11.9809523810 0.0005634053 -0.9952516141 0.0973339984
11.9904761905 0.0005629405 -0.9952515986 0.0973341597
12.0000000000 0.0005624765 -0.9952515831 0.0973343207
12.0095238095 0.0005620133 -0.9952515676 0.0973344815
12.0190476190 0.0005615508 -0.9952515522 0.0973346420
12.0285714286 0.0005610891 -0.9952515368 0.0973348023
12.0380952381 0.0005606281 -0.9952515214 0.0973349623
12.0476190476 0.0005601679 -0.9952515060 0.0973351220
12.0571428571 0.0005597085 -0.9952514907 0.0973352815
12.0666666667 0.0005592498 -0.9952514754 0.0973354408
12.0761904762 0.0005587919 -0.9952514601 0.0973355997
12.0857142857 0.0005583347 -0.9952514448 0.0973357585
12.0952380952 0.0005578782 -0.9952514296 0.0973359169
12.1047619048 0.0005574225 -0.9952514143 0.0973360751
12.1142857143 0.0005569676 -0.9952513992 0.0973362331
12.1238095238 0.0005565133 -0.9952513840 0.0973363908
12.1333333333 0.0005560599 -0.9952513688 0.0973365483
12.1428571429 0.0005556071 -0.9952513537 0.0973367055
12.1523809524 0.0005551551 -0.9952513386 0.0973368624
12.1619047619 0.0005547039 -0.9952513235 0.0973370191
12.1714285714 0.0005542533 -0.9952513085 0.0973371756
12.1809523810 0.0005538035 -0.9952512935 0.0973373318
12.1904761905 0.0005533544 -0.9952512785 0.0973374877
12.2000000000 0.0005529061 -0.9952512635 0.0973376434
12.2095238095 0.0005524585 -0.9952512485 0.0973377989
12.2190476190 0.0005520116 -0.9952512336 0.0973379541
12.2285714286 0.0005515654 -0.9952512187 0.0973381090
12.2380952381 0.0005511199 -0.9952512038 0.0973382638
12.2476190476 0.0005506752 -0.9952511889 0.0973384182
12.2571428571 0.0005502312 -0.9952511741 0.0973385725
12.2666666667 0.0005497879 -0.9952511593 0.0973387264
12.2761904762 0.0005493453 -0.9952511445 0.0973388802
12.2857142857 0.0005489034 -0.9952511297 0.0973390337
12.2952380952 0.0005484622 -0.9952511150 0.0973391869
12.3047619048 0.0005480218 -0.9952511003 0.0973393399
12.3142857143 0.0005475820 -0.9952510856 0.0973394927
12.3238095238 0.0005471430 -0.9952510709 0.0973396452
12.3333333333 0.0005467046 -0.9952510562 0.0973397975
12.3428571429 0.0005462670 -0.9952510416 0.0973399496
12.3523809524 0.0005458300 -0.9952510270 0.0973401014
12.3619047619 0.0005453938 -0.9952510124 0.0973402530
12.3714285714 0.0005449582 -0.9952509978 0.0973404043
12.3809523810 0.0005445234 -0.9952509833 0.0973405554
12.3904761905 0.0005440892 -0.9952509688 0.0973407063
12.4000000000 0.0005436557 -0.9952509543 0.0973408569
12.4095238095 0.0005432229 -0.9952509398 0.0973410073
12.4190476190 0.0005427909 -0.9952509254 0.0973411574
12.4285714286 0.0005423594 -0.9952509109 0.0973413073
12.4380952381 0.0005419287 -0.9952508965 0.0973414570
12.4476190476 0.0005414987 -0.9952508822 0.0973416065
12.4571428571 0.0005410693 -0.9952508678 0.0973417557
12.4666666667 0.0005406406 -0.9952508535 0.0973419047
12.4761904762 0.0005402126 -0.9952508391 0.0973420534
12.4857142857 0.0005397853 -0.9952508248 0.0973422020
12.4952380952 0.0005393587 -0.9952508106 0.0973423503
12.5047619048 0.0005389327 -0.9952507963 0.0973424983
12.5142857143 0.0005385074 -0.9952507821 0.0973426462
12.5238095238 0.0005380828 -0.9952507679 0.0973427938
12.5333333333 0.0005376588 -0.9952507537 0.0973429411
12.5428571429 0.0005372355 -0.9952507395 0.0973430883
12.5523809524 0.0005368129 -0.9952507254 0.0973432352
12.5619047619 0.0005363909 -0.9952507113 0.0973433819
12.5714285714 0.0005359696 -0.9952506972 0.0973435284
12.5809523810 0.0005355490 -0.9952506831 0.0973436746
12.5904761905 0.0005351290 -0.9952506690 0.0973438206
12.6000000000 0.0005347096 -0.9952506550 0.0973439664
12.6095238095 0.0005342910 -0.9952506410 0.0973441120
12.6190476190 0.0005338730 -0.9952506270 0.0973442573
12.6285714286 0.0005334556 -0.9952506130 0.0973444024
12.6380952381 0.0005330389 -0.9952505991 0.0973445473
12.6476190476 0.0005326228 -0.9952505852 0.0973446920
12.6571428571 0.0005322074 -0.9952505712 0.0973448365
12.6666666667 0.0005317926 -0.9952505574 0.0973449807
12.6761904762 0.0005313785 -0.9952505435 0.0973451247
12.6857142857 0.0005309651 -0.9952505297 0.0973452685
12.6952380952 0.0005305522 -0.9952505158 0.0973454121
12.7047619048 0.0005301400 -0.9952505020 0.0973455554
12.7142857143 0.0005297285 -0.9952504883 0.0973456985
12.7238095238 0.0005293176 -0.9952504745 0.0973458415
12.7333333333 0.0005289073 -0.9952504608 0.0973459841
12.7428571429 0.0005284977 -0.9952504470 0.0973461266
12.7523809524 0.0005280886 -0.9952504333 0.0973462689
12.7619047619 0.0005276803 -0.9952504197 0.0973464109
12.7714285714 0.0005272725 -0.9952504060 0.0973465528
12.7809523810 0.0005268654 -0.9952503924 0.0973466944
12.7904761905 0.0005264589 -0.9952503788 0.0973468358
12.8000000000 0.0005260531 -0.9952503652 0.0973469770
12.8095238095 0.0005256478 -0.9952503516 0.0973471179
12.8190476190 0.0005252432 -0.9952503380 0.0973472587
12.8285714286 0.0005248392 -0.9952503245 0.0973473992
12.8380952381 0.0005244359 -0.9952503110 0.0973475396
12.8476190476 0.0005240331 -0.9952502975 0.0973476797
12.8571428571 0.0005236310 -0.9952502840 0.0973478196
12.8666666667 0.0005232295 -0.9952502706 0.0973479593
12.8761904762 0.0005228286 -0.9952502571 0.0973480988
12.8857142857 0.0005224283 -0.9952502437 0.0973482380
12.8952380952 0.0005220286 -0.9952502303 0.0973483771
12.9047619048 0.0005216295 -0.9952502170 0.0973485160
12.9142857143 0.0005212311 -0.9952502036 0.0973486546
12.9238095238 0.0005208332 -0.9952501903 0.0973487931
12.9333333333 0.0005204360 -0.9952501770 0.0973489313
12.9428571429 0.0005200394 -0.9952501637 0.0973490693
12.9523809524 0.0005196433 -0.9952501504 0.0973492071
12.9619047619 0.0005192479 -0.9952501371 0.0973493448
12.9714285714 0.0005188531 -0.9952501239 0.0973494822
12.9809523810 0.0005184588 -0.9952501107 0.0973496194
12.9904761905 0.0005180652 -0.9952500975 0.0973497564
13.0000000000 0.0005176722 -0.9952500843 0.0973498932
13.0095238095 0.0005172797 -0.9952500712 0.0973500298
13.0190476190 0.0005168879 -0.9952500580 0.0973501661
13.0285714286 0.0005164967 -0.9952500449 0.0973503023
13.0380952381 0.0005161060 -0.9952500318 0.0973504383
13.0476190476 0.0005157159 -0.9952500187 0.0973505741
13.0571428571 0.0005153264 -0.9952500057 0.0973507097
13.0666666667 0.0005149376 -0.9952499926 0.0973508450
13.0761904762 0.0005145492 -0.9952499796 0.0973509802
13.0857142857 0.0005141615 -0.9952499666 0.0973511152
13.0952380952 0.0005137744 -0.9952499536 0.0973512500
13.1047619048 0.0005133878 -0.9952499406 0.0973513845
13.1142857143 0.0005130019 -0.9952499277 0.0973515189
13.1238095238 0.0005126165 -0.9952499148 0.0973516531
13.1333333333 0.0005122317 -0.9952499019 0.0973517871
13.1428571429 0.0005118474 -0.9952498890 0.0973519208
13.1523809524 0.0005114638 -0.9952498761 0.0973520544
13.1619047619 0.0005110807 -0.9952498633 0.0973521878
13.1714285714 0.0005106981 -0.9952498504 0.0973523210
13.1809523810 0.0005103162 -0.9952498376 0.0973524540
13.1904761905 0.0005099348 -0.9952498248 0.0973525868
13.2000000000 0.0005095540 -0.9952498120 0.0973527194
13.2095238095 0.0005091738 -0.9952497993 0.0973528518
13.2190476190 0.0005087941 -0.9952497866 0.0973529840
13.2285714286 0.0005084150 -0.9952497738 0.0973531161
13.2380952381 0.0005080365 -0.9952497611 0.0973532479
13.2476190476 0.0005076585 -0.9952497484 0.0973533795
13.2571428571 0.0005072811 -0.9952497358 0.0973535110
13.2666666667 0.0005069042 -0.9952497231 0.0973536422
13.2761904762 0.0005065279 -0.9952497105 0.0973537733
13.2857142857 0.0005061522 -0.9952496979 0.0973539041
13.2952380952 0.0005057770 -0.9952496853 0.0973540348
13.3047619048 0.0005054024 -0.9952496727 0.0973541653
13.3142857143 0.0005050283 -0.9952496602 0.0973542956
13.3238095238 0.0005046548 -0.9952496476 0.0973544257
13.3333333333 0.0005042819 -0.9952496351 0.0973545556
13.3428571429 0.0005039094 -0.9952496226 0.0973546853
13.3523809524 0.0005035376 -0.9952496101 0.0973548149
13.3619047619 0.0005031663 -0.9952495977 0.0973549442
13.3714285714 0.0005027955 -0.9952495852 0.0973550734
13.3809523810 0.0005024253 -0.9952495728 0.0973552024
13.3904761905 0.0005020556 -0.9952495604 0.0973553312
13.4000000000 0.0005016865 -0.9952495480 0.0973554598
13.4095238095 0.0005013179 -0.9952495356 0.0973555882
13.4190476190 0.0005009498 -0.9952495232 0.0973557164
13.4285714286 0.0005005823 -0.9952495109 0.0973558445
13.4380952381 0.0005002153 -0.9952494986 0.0973559723
13.4476190476 0.0004998489 -0.9952494863 0.0973561000
13.4571428571 0.0004994830 -0.9952494740 0.0973562275
13.4666666667 0.0004991176 -0.9952494617 0.0973563548
13.4761904762 0.0004987528 -0.9952494495 0.0973564819
13.4857142857 0.0004983885 -0.9952494372 0.0973566089
13.4952380952 0.0004980247 -0.9952494250 0.0973567357
13.5047619048 0.0004976615 -0.9952494128 0.0973568622
13.5142857143 0.0004972988 -0.9952494006 0.0973569886
13.5238095238 0.0004969366 -0.9952493885 0.0973571149
13.5333333333 0.0004965749 -0.9952493763 0.0973572409
13.5428571429 0.0004962138 -0.9952493642 0.0973573667
13.5523809524 0.0004958532 -0.9952493521 0.0973574924
13.5619047619 0.0004954931 -0.9952493400 0.0973576179
13.5714285714 0.0004951336 -0.9952493279 0.0973577432
13.5809523810 0.0004947745 -0.9952493158 0.0973578684
13.5904761905 0.0004944160 -0.9952493038 0.0973579933
13.6000000000 0.0004940580 -0.9952492918 0.0973581181
13.6095238095 0.0004937006 -0.9952492797 0.0973582427
13.6190476190 0.0004933436 -0.9952492678 0.0973583672
13.6285714286 0.0004929871 -0.9952492558 0.0973584914
13.6380952381 0.0004926312 -0.9952492438 0.0973586155
13.6476190476 0.0004922758 -0.9952492319 0.0973587394
13.6571428571 0.0004919209 -0.9952492199 0.0973588631
13.6666666667 0.0004915665 -0.9952492080 0.0973589866
13.6761904762 0.0004912126 -0.9952491961 0.0973591100
13.6857142857 0.0004908592 -0.9952491843 0.0973592332
13.6952380952 0.0004905064 -0.9952491724 0.0973593562
13.7047619048 0.0004901540 -0.9952491606 0.0973594791
13.7142857143 0.0004898022 -0.9952491487 0.0973596018
13.7238095238 0.0004894508 -0.9952491369 0.0973597243
13.7333333333 0.0004891000 -0.9952491251 0.0973598466
13.7428571429 0.0004887496 -0.9952491133 0.0973599687
13.7523809524 0.0004883998 -0.9952491016 0.0973600907
13.7619047619 0.0004880504 -0.9952490898 0.0973602125
13.7714285714 0.0004877016 -0.9952490781 0.0973603342
13.7809523810 0.0004873532 -0.9952490664 0.0973604556
13.7904761905 0.0004870054 -0.9952490547 0.0973605769
13.8000000000 0.0004866580 -0.9952490430 0.0973606981
13.8095238095 0.0004863112 -0.9952490314 0.0973608190
13.8190476190 0.0004859648 -0.9952490197 0.0973609398
13.8285714286 0.0004856189 -0.9952490081 0.0973610604
13.8380952381 0.0004852736 -0.9952489965 0.0973611809
13.8476190476 0.0004849287 -0.9952489849 0.0973613012
13.8571428571 0.0004845843 -0.9952489733 0.0973614213
13.8666666667 0.0004842404 -0.9952489617 0.0973615412
13.8761904762 0.0004838969 -0.9952489502 0.0973616610
13.8857142857 0.0004835540 -0.9952489386 0.0973617806
13.8952380952 0.0004832115 -0.9952489271 0.0973619001
13.9047619048 0.0004828696 -0.9952489156 0.0973620193
13.9142857143 0.0004825281 -0.9952489041 0.0973621385
13.9238095238 0.0004821871 -0.9952488927 0.0973622574
13.9333333333 0.0004818466 -0.9952488812 0.0973623762
13.9428571429 0.0004815065 -0.9952488698 0.0973624948
13.9523809524 0.0004811670 -0.9952488583 0.0973626133
13.9619047619 0.0004808279 -0.9952488469 0.0973627315
13.9714285714 0.0004804893 -0.9952488355 0.0973628497
13.9809523810 0.0004801512 -0.9952488242 0.0973629676
13.9904761905 0.0004798135 -0.9952488128 0.0973630854
14.0000000000 0.0004794763 -0.9952488015 0.0973632030
14.0095238095 0.0004791396 -0.9952487901 0.0973633205
14.0190476190 0.0004788034 -0.9952487788 0.0973634378
14.0285714286 0.0004784676 -0.9952487675 0.0973635550
14.0380952381 0.0004781324 -0.9952487562 0.0973636720
14.0476190476 0.0004777975 -0.9952487450 0.0973637888
14.0571428571 0.0004774632 -0.9952487337 0.0973639054
14.0666666667 0.0004771293 -0.9952487225 0.0973640219
14.0761904762 0.0004767959 -0.9952487112 0.0973641383
14.0857142857 0.0004764629 -0.9952487000 0.0973642545
14.0952380952 0.0004761304 -0.9952486889 0.0973643705
14.1047619048 0.0004757984 -0.9952486777 0.0973644863
14.1142857143 0.0004754669 -0.9952486665 0.0973646020
14.1238095238 0.0004751358 -0.9952486554 0.0973647176
14.1333333333 0.0004748051 -0.9952486442 0.0973648330
14.1428571429 0.0004744749 -0.9952486331 0.0973649482
14.1523809524 0.0004741452 -0.9952486220 0.0973650633
14.1619047619 0.0004738159 -0.9952486109 0.0973651782
14.1714285714 0.0004734871 -0.9952485999 0.0973652929
14.1809523810 0.0004731588 -0.9952485888 0.0973654075
14.1904761905 0.0004728309 -0.9952485778 0.0973655220
14.2000000000 0.0004725035 -0.9952485667 0.0973656363
14.2095238095 0.0004721765 -0.9952485557 0.0973657504
14.2190476190 0.0004718499 -0.9952485447 0.0973658644
14.2285714286 0.0004715238 -0.9952485338 0.0973659782
14.2380952381 0.0004711982 -0.9952485228 0.0973660919
14.2476190476 0.0004708730 -0.9952485118 0.0973662054
14.2571428571 0.0004705483 -0.9952485009 0.0973663187
14.2666666667 0.0004702240 -0.9952484900 0.0973664319
14.2761904762 0.0004699001 -0.9952484791 0.0973665450
14.2857142857 0.0004695767 -0.9952484682 0.0973666579
