0.7619047619 0.3541182838 0.0935388122 0.9305110057
0.7714285714 0.3570504739 0.0934000589 0.9294037810
0.7809523810 0.3599090500 0.0932639369 0.9283142322
0.7904761905 0.3626972057 0.0931303601 0.9272418633
0.8000000000 0.3654179608 0.0929992453 0.9261861877
0.8095238095 0.3680741730 0.0928705121 0.9251467295
0.8190476190 0.3706685475 0.0927440829 0.9241230237
0.8285714286 0.3732036470 0.0926198830 0.9231146165
0.8380952381 0.3756819005 0.0924978402 0.9221210654
0.8476190476 0.3781056115 0.0923778848 0.9211419396
0.8571428571 0.3804769657 0.0922599498 0.9201768201
0.8666666667 0.3827980383 0.0921439705 0.9192252992
0.8761904762 0.3850708002 0.0920298844 0.9182869808
0.8857142857 0.3872971249 0.0919176315 0.9173614806
0.8952380952 0.3894787938 0.0918071538 0.9164484250
0.9047619048 0.3916175016 0.0916983955 0.9155474519
0.9142857143 0.3937148615 0.0915913027 0.9146582100
0.9238095238 0.3957724099 0.0914858236 0.9137803585
0.9333333333 0.3977916107 0.0913819080 0.9129135673
0.9428571429 0.3997738593 0.0912795079 0.9120575162
0.9523809524 0.4017204868 0.0911785766 0.9112118950
0.9619047619 0.4036327632 0.0910790694 0.9103764033
0.9714285714 0.4055119008 0.0909809430 0.9095507497
0.9809523810 0.4073590575 0.0908841557 0.9087346524
0.9904761905 0.4091753399 0.0907886673 0.9079278380
1.0000000000 0.4109618056 0.0906944390 0.9071300420
1.0095238095 0.4127194661 0.0906014332 0.9063410079
1.0190476190 0.4144492892 0.0905096140 0.9055604874
1.0285714286 0.4161522013 0.0904189464 0.9047882401
1.0380952381 0.4178290893 0.0903293967 0.9040240330
1.0476190476 0.4194808031 0.0902409323 0.9032676403
1.0571428571 0.4211081569 0.0901535220 0.9025188434
1.0666666667 0.4227119316 0.0900671353 0.9017774304
1.0761904762 0.4242928759 0.0899817430 0.9010431962
1.0857142857 0.4258517084 0.0898973167 0.9003159417
1.0952380952 0.4273891186 0.0898138290 0.8995954743
1.1047619048 0.4289057687 0.0897312536 0.8988816072
1.1142857143 0.4304022947 0.0896495647 0.8981741592
1.1238095238 0.4318793078 0.0895687377 0.8974729549
1.1333333333 0.4333373955 0.0894887487 0.8967778239
1.1428571429 0.4347771227 0.0894095744 0.8960886014
1.1523809524 0.4361990327 0.0893311925 0.8954051273
1.1619047619 0.4376036483 0.0892535813 0.8947272463
1.1714285714 0.4389914727 0.0891767198 0.8940548079
1.1809523810 0.4403629907 0.0891005877 0.8933876660
1.1904761905 0.4417186687 0.0890251653 0.8927256788
1.2000000000 0.4430589565 0.0889504336 0.8920687089
1.2095238095 0.4443842875 0.0888763740 0.8914166227
1.2190476190 0.4456950793 0.0888029686 0.8907692906
1.2285714286 0.4469917350 0.0887302002 0.8901265867
1.2380952381 0.4482746430 0.0886580519 0.8894883890
1.2476190476 0.4495441785 0.0885865074 0.8888545788
1.2571428571 0.4508007034 0.0885155509 0.8882250408
1.2666666667 0.4520445671 0.0884451671 0.8875996630
1.2761904762 0.4532761071 0.0883753410 0.8869783367
1.2857142857 0.4544956494 0.0883060583 0.8863609562
1.2952380952 0.4557035090 0.0882373049 0.8857474188
1.3047619048 0.4568999904 0.0881690673 0.8851376245
1.3142857143 0.4580853878 0.0881013322 0.8845314764
1.3238095238 0.4592599860 0.0880340869 0.8839288799
1.3333333333 0.4604240603 0.0879673188 0.8833297434
1.3428571429 0.4615778769 0.0879010158 0.8827339774
1.3523809524 0.4627216938 0.0878351663 0.8821414953
1.3619047619 0.4638557603 0.0877697588 0.8815522123
1.3714285714 0.4649803182 0.0877047821 0.8809660464
1.3809523810 0.4660956013 0.0876402256 0.8803829174
1.3904761905 0.4672018363 0.0875760787 0.8798027476
1.4000000000 0.4682992427 0.0875123312 0.8792254609
1.4095238095 0.4693880334 0.0874489732 0.8786509837
1.4190476190 0.4704684146 0.0873859951 0.8780792440
1.4285714286 0.4715405863 0.0873233874 0.8775101717
1.4380952381 0.4726047424 0.0872611410 0.8769436987
1.4476190476 0.4736610710 0.0871992470 0.8763797585
1.4571428571 0.4747097545 0.0871376968 0.8758182864
1.4666666667 0.4757509700 0.0870764820 0.8752592192
1.4761904762 0.4767848894 0.0870155942 0.8747024955
1.4857142857 0.4778116794 0.0869550256 0.8741480553
1.4952380952 0.4788315021 0.0868947684 0.8735958401
1.5047619048 0.4798445146 0.0868348149 0.8730457930
1.5142857143 0.4808508697 0.0867751578 0.8724978585
1.5238095238 0.4818507159 0.0867157898 0.8719519823
1.5333333333 0.4828441973 0.0866567041 0.8714081115
1.5428571429 0.4838314541 0.0865978936 0.8708661946
1.5523809524 0.4848126224 0.0865393518 0.8703261812
1.5619047619 0.4857878347 0.0864810721 0.8697880224
1.5714285714 0.4867572196 0.0864230483 0.8692516700
1.5809523810 0.4877209025 0.0863652740 0.8687170775
1.5904761905 0.4886790050 0.0863077434 0.8681841990
1.6000000000 0.4896316458 0.0862504504 0.8676529901
1.6095238095 0.4905789399 0.0861933894 0.8671234072
1.6190476190 0.4915209996 0.0861365548 0.8665954078
1.6285714286 0.4924579341 0.0860799410 0.8660689504
1.6380952381 0.4933898497 0.0860235428 0.8655439944
1.6476190476 0.4943168498 0.0859673549 0.8650205003
1.6571428571 0.4952390352 0.0859113722 0.8644984292
1.6666666667 0.4961565040 0.0858555898 0.8639777435
1.6761904762 0.4970693518 0.0858000028 0.8634584061
1.6857142857 0.4979776717 0.0857446065 0.8629403809
1.6952380952 0.4988815544 0.0856893962 0.8624236326
1.7047619048 0.4997810882 0.0856343674 0.8619081268
1.7142857143 0.5006763595 0.0855795157 0.8613938295
1.7238095238 0.5015674520 0.0855248368 0.8608807080
1.7333333333 0.5024544478 0.0854703264 0.8603687298
1.7428571429 0.5033374265 0.0854159804 0.8598578635
1.7523809524 0.5042164660 0.0853617948 0.8593480781
1.7619047619 0.5050916423 0.0853077657 0.8588393435
1.7714285714 0.5059630293 0.0852538891 0.8583316302
1.7809523810 0.5068306992 0.0852001613 0.8578249092
1.7904761905 0.5076947225 0.0851465786 0.8573191523
1.8000000000 0.5085551680 0.0850931374 0.8568143318
1.8095238095 0.5094121026 0.0850398342 0.8563104205
1.8190476190 0.5102655919 0.0849866654 0.8558073921
1.8285714286 0.5111156997 0.0849336279 0.8553052206
1.8380952381 0.5119624884 0.0848807181 0.8548038805
1.8476190476 0.5128060190 0.0848279330 0.8543033470
1.8571428571 0.5136463507 0.0847752692 0.8538035958
1.8666666667 0.5144835418 0.0847227238 0.8533046029
1.8761904762 0.5153176488 0.0846702937 0.8528063451
1.8857142857 0.5161487272 0.0846179758 0.8523087994
1.8952380952 0.5169768310 0.0845657674 0.8518119436
1.9047619048 0.5178020130 0.0845136655 0.8513157555
1.9142857143 0.5186243250 0.0844616674 0.8508202138
1.9238095238 0.5194438172 0.0844097703 0.8503252974
1.9333333333 0.5202605391 0.0843579716 0.8498309856
1.9428571429 0.5210745386 0.0843062686 0.8493372583
1.9523809524 0.5218858630 0.0842546587 0.8488440955
1.9619047619 0.5226945582 0.0842031395 0.8483514779
1.9714285714 0.5235006692 0.0841517085 0.8478593865
1.9809523810 0.5243042400 0.0841003632 0.8473678026
1.9904761905 0.5251053135 0.0840491013 0.8468767079
2.0000000000 0.5259039317 0.0839979205 0.8463860844
2.0095238095 0.5267001359 0.0839468185 0.8458959147
2.0190476190 0.5274939660 0.0838957931 0.8454061815
2.0285714286 0.5282854616 0.0838448420 0.8449168678
2.0380952381 0.5290746609 0.0837939632 0.8444279572
2.0476190476 0.5298616016 0.0837431545 0.8439394334
2.0571428571 0.5306463206 0.0836924139 0.8434512803
2.0666666667 0.5314288537 0.0836417394 0.8429634825
2.0761904762 0.5322092362 0.0835911289 0.8424760246
2.0857142857 0.5329875026 0.0835405806 0.8419888915
2.0952380952 0.5337636865 0.0834900925 0.8415020686
2.1047619048 0.5345378210 0.0834396627 0.8410155413
2.1142857143 0.5353099383 0.0833892895 0.8405292954
2.1238095238 0.5360800700 0.0833389711 0.8400433170
2.1333333333 0.5368482470 0.0832887056 0.8395575925
2.1428571429 0.5376144997 0.0832384913 0.8390721085
2.1523809524 0.5383788576 0.0831883265 0.8385868518
2.1619047619 0.5391413498 0.0831382097 0.8381018095
2.1714285714 0.5399020046 0.0830881391 0.8376169689
2.1809523810 0.5406608499 0.0830381131 0.8371323176
2.1904761905 0.5414179129 0.0829881301 0.8366478434
2.2000000000 0.5421732201 0.0829381887 0.8361635344
2.2095238095 0.5429267978 0.0828882873 0.8356793787
2.2190476190 0.5436786715 0.0828384244 0.8351953649
2.2285714286 0.5444288662 0.0827885985 0.8347114816
2.2380952381 0.5451774065 0.0827388083 0.8342277178
2.2476190476 0.5459243162 0.0826890522 0.8337440624
2.2571428571 0.5466696190 0.0826393290 0.8332605049
2.2666666667 0.5474133378 0.0825896373 0.8327770346
2.2761904762 0.5481554953 0.0825399757 0.8322936413
2.2857142857 0.5488961135 0.0824903429 0.8318103149
2.2952380952 0.5496352140 0.0824407376 0.8313270453
2.3047619048 0.5503728182 0.0823911587 0.8308438229
2.3142857143 0.5511089466 0.0823416048 0.8303606380
2.3238095238 0.5518436198 0.0822920747 0.8298774812
2.3333333333 0.5525768575 0.0822425672 0.8293943433
2.3428571429 0.5533086795 0.0821930813 0.8289112152
2.3523809524 0.5540391047 0.0821436156 0.8284280879
2.3619047619 0.5547681520 0.0820941691 0.8279449529
2.3714285714 0.5554958396 0.0820447407 0.8274618013
2.3809523810 0.5562221857 0.0819953293 0.8269786249
2.3904761905 0.5569472079 0.0819459337 0.8264954153
2.4000000000 0.5576709234 0.0818965531 0.8260121644
2.4095238095 0.5583933492 0.0818471862 0.8255288642
2.4190476190 0.5591145019 0.0817978322 0.8250455069
2.4285714286 0.5598343977 0.0817484899 0.8245620847
2.4380952381 0.5605530526 0.0816991586 0.8240785902
2.4476190476 0.5612704822 0.0816498370 0.8235950158
2.4571428571 0.5619867018 0.0816005244 0.8231113542
2.4666666667 0.5627017264 0.0815512198 0.8226275984
2.4761904762 0.5634155707 0.0815019223 0.8221437413
2.4857142857 0.5641282491 0.0814526310 0.8216597760
2.4952380952 0.5648397758 0.0814033449 0.8211756956
2.5047619048 0.5655501645 0.0813540634 0.8206914937
2.5142857143 0.5662594289 0.0813047854 0.8202071635
2.5238095238 0.5669675822 0.0812555102 0.8197226987
2.5333333333 0.5676746374 0.0812062369 0.8192380931
2.5428571429 0.5683806073 0.0811569648 0.8187533403
2.5523809524 0.5690855044 0.0811076930 0.8182684344
2.5619047619 0.5697893410 0.0810584207 0.8177833694
2.5714285714 0.5704921291 0.0810091473 0.8172981394
2.5809523810 0.5711938804 0.0809598720 0.8168127387
2.5904761905 0.5718946065 0.0809105939 0.8163271616
2.6000000000 0.5725943187 0.0808613125 0.8158414027
2.6095238095 0.5732930281 0.0808120269 0.8153554564
2.6190476190 0.5739907454 0.0807627366 0.8148693175
2.6285714286 0.5746874815 0.0807134407 0.8143829806
2.6380952381 0.5753832466 0.0806641387 0.8138964408
2.6476190476 0.5760780510 0.0806148298 0.8134096929
2.6571428571 0.5767719046 0.0805655135 0.8129227319
2.6666666667 0.5774648174 0.0805161890 0.8124355531
2.6761904762 0.5781567989 0.0804668558 0.8119481517
2.6857142857 0.5788478585 0.0804175132 0.8114605229
2.6952380952 0.5795380054 0.0803681607 0.8109726623
2.7047619048 0.5802272487 0.0803187976 0.8104845653
2.7142857143 0.5809155972 0.0802694234 0.8099962275
2.7238095238 0.5816030596 0.0802200375 0.8095076446
2.7333333333 0.5822896444 0.0801706393 0.8090188123
2.7428571429 0.5829753599 0.0801212282 0.8085297265
2.7523809524 0.5836602142 0.0800718038 0.8080403830
2.7619047619 0.5843442153 0.0800223655 0.8075507780
2.7714285714 0.5850273710 0.0799729128 0.8070609075
2.7809523810 0.5857096890 0.0799234451 0.8065707676
2.7904761905 0.5863911768 0.0798739621 0.8060803545
2.8000000000 0.5870718417 0.0798244630 0.8055896647
2.8095238095 0.5877516908 0.0797749476 0.8050986944
2.8190476190 0.5884307313 0.0797254153 0.8046074401
2.8285714286 0.5891089700 0.0796758656 0.8041158983
2.8380952381 0.5897864136 0.0796262981 0.8036240657
2.8476190476 0.5904630688 0.0795767124 0.8031319389
2.8571428571 0.5911389420 0.0795271079 0.8026395146
2.8666666667 0.5918140394 0.0794774843 0.8021467897
2.8761904762 0.5924883674 0.0794278412 0.8016537610
2.8857142857 0.5931619319 0.0793781780 0.8011604255
2.8952380952 0.5938347389 0.0793284945 0.8006667801
2.9047619048 0.5945067941 0.0792787902 0.8001728220
2.9142857143 0.5951781033 0.0792290648 0.7996785483
2.9238095238 0.5958486719 0.0791793177 0.7991839562
2.9333333333 0.5965185055 0.0791295488 0.7986890428
2.9428571429 0.5971876091 0.0790797575 0.7981938057
2.9523809524 0.5978559882 0.0790299436 0.7976982421
2.9619047619 0.5985236477 0.0789801066 0.7972023494
2.9714285714 0.5991905926 0.0789302463 0.7967061252
2.9809523810 0.5998568277 0.0788803622 0.7962095671
2.9904761905 0.6005223577 0.0788304542 0.7957126726
3.0000000000 0.6011871873 0.0787805217 0.7952154395
3.0095238095 0.6018513210 0.0787305646 0.7947178654
3.0190476190 0.6025147633 0.0786805824 0.7942199481
3.0285714286 0.6031775183 0.0786305750 0.7937216855
3.0380952381 0.6038395903 0.0785805419 0.7932230755
3.0476190476 0.6045009835 0.0785304830 0.7927241161
3.0571428571 0.6051617018 0.0784803978 0.7922248051
3.0666666667 0.6058217492 0.0784302862 0.7917251407
3.0761904762 0.6064811294 0.0783801479 0.7912251210
3.0857142857 0.6071398462 0.0783299825 0.7907247441
3.0952380952 0.6077979033 0.0782797899 0.7902240083
3.1047619048 0.6084553042 0.0782295697 0.7897229117
3.1142857143 0.6091120522 0.0781793217 0.7892214527
3.1238095238 0.6097681509 0.0781290458 0.7887196297
3.1333333333 0.6104236035 0.0780787415 0.7882174411
3.1428571429 0.6110784132 0.0780284088 0.7877148852
3.1523809524 0.6117325831 0.0779780473 0.7872119606
3.1619047619 0.6123861162 0.0779276569 0.7867086659
3.1714285714 0.6130390156 0.0778772374 0.7862049995
3.1809523810 0.6136912840 0.0778267884 0.7857009603
3.1904761905 0.6143429243 0.0777763099 0.7851965467
3.2000000000 0.6149939392 0.0777258016 0.7846917577
3.2095238095 0.6156443313 0.0776752633 0.7841865918
3.2190476190 0.6162941033 0.0776246949 0.7836810480
3.2285714286 0.6169432576 0.0775740961 0.7831751250
3.2380952381 0.6175917967 0.0775234668 0.7826688219
3.2476190476 0.6182397229 0.0774728068 0.7821621374
3.2571428571 0.6188870385 0.0774221159 0.7816550707
3.2666666667 0.6195337457 0.0773713940 0.7811476207
3.2761904762 0.6201798467 0.0773206409 0.7806397865
3.2857142857 0.6208253436 0.0772698565 0.7801315671
3.2952380952 0.6214702384 0.0772190405 0.7796229618
3.3047619048 0.6221145331 0.0771681929 0.7791139697
3.3142857143 0.6227582295 0.0771173135 0.7786045900
3.3238095238 0.6234013295 0.0770664022 0.7780948220
3.3333333333 0.6240438349 0.0770154588 0.7775846650
3.3428571429 0.6246857473 0.0769644832 0.7770741183
3.3523809524 0.6253270686 0.0769134754 0.7765631814
3.3619047619 0.6259678001 0.0768624351 0.7760518535
3.3714285714 0.6266079436 0.0768113622 0.7755401342
3.3809523810 0.6272475004 0.0767602567 0.7750280229
3.3904761905 0.6278864720 0.0767091185 0.7745155192
3.4000000000 0.6285248598 0.0766579474 0.7740026226
3.4095238095 0.6291626651 0.0766067433 0.7734893327
3.4190476190 0.6297998891 0.0765555062 0.7729756491
3.4285714286 0.6304365332 0.0765042360 0.7724615716
3.4380952381 0.6310725984 0.0764529325 0.7719470997
3.4476190476 0.6317080858 0.0764015958 0.7714322332
3.4571428571 0.6323429966 0.0763502256 0.7709169720
3.4666666667 0.6329773318 0.0762988220 0.7704013157
3.4761904762 0.6336110922 0.0762473848 0.7698852642
3.4857142857 0.6342442790 0.0761959141 0.7693688175
3.4952380952 0.6348768928 0.0761444097 0.7688519752
3.5047619048 0.6355089346 0.0760928716 0.7683347375
3.5142857143 0.6361404052 0.0760412998 0.7678171043
3.5238095238 0.6367713052 0.0759896941 0.7672990755
3.5333333333 0.6374016355 0.0759380545 0.7667806511
3.5428571429 0.6380313966 0.0758863811 0.7662618313
3.5523809524 0.6386605891 0.0758346737 0.7657426161
3.5619047619 0.6392892137 0.0757829323 0.7652230057
3.5714285714 0.6399172708 0.0757311569 0.7647030001
3.5809523810 0.6405447611 0.0756793474 0.7641825996
3.5904761905 0.6411716848 0.0756275039 0.7636618043
3.6000000000 0.6417980424 0.0755756263 0.7631406145
3.6095238095 0.6424238344 0.0755237145 0.7626190304
3.6190476190 0.6430490610 0.0754717687 0.7620970524
3.6285714286 0.6436737226 0.0754197886 0.7615746807
3.6380952381 0.6442978193 0.0753677745 0.7610519158
3.6476190476 0.6449213516 0.0753157261 0.7605287580
3.6571428571 0.6455443194 0.0752636436 0.7600052076
3.6666666667 0.6461667231 0.0752115269 0.7594812652
3.6761904762 0.6467885627 0.0751593761 0.7589569311
3.6857142857 0.6474098383 0.0751071911 0.7584322060
3.6952380952 0.6480305501 0.0750549720 0.7579070902
3.7047619048 0.6486506979 0.0750027187 0.7573815843
3.7142857143 0.6492702818 0.0749504313 0.7568556890
3.7238095238 0.6498893019 0.0748981098 0.7563294047
3.7333333333 0.6505077579 0.0748457543 0.7558027322
3.7428571429 0.6511256499 0.0747933646 0.7552756720
3.7523809524 0.6517429777 0.0747409410 0.7547482248
3.7619047619 0.6523597411 0.0746884833 0.7542203913
3.7714285714 0.6529759400 0.0746359917 0.7536921723
3.7809523810 0.6535915741 0.0745834662 0.7531635684
3.7904761905 0.6542066433 0.0745309067 0.7526345805
3.8000000000 0.6548211472 0.0744783135 0.7521052094
3.8095238095 0.6554350856 0.0744256864 0.7515754558
3.8190476190 0.6560484581 0.0743730255 0.7510453207
3.8285714286 0.6566612645 0.0743203310 0.7505148048
3.8380952381 0.6572735042 0.0742676028 0.7499839090
3.8476190476 0.6578851770 0.0742148409 0.7494526344
3.8571428571 0.6584962825 0.0741620456 0.7489209818
3.8666666667 0.6591068201 0.0741092167 0.7483889521
3.8761904762 0.6597167895 0.0740563545 0.7478565464
3.8857142857 0.6603261901 0.0740034589 0.7473237657
3.8952380952 0.6609350214 0.0739505299 0.7467906109
3.9047619048 0.6615432829 0.0738975678 0.7462570832
3.9142857143 0.6621509741 0.0738445725 0.7457231837
3.9238095238 0.6627580943 0.0737915442 0.7451889133
3.9333333333 0.6633646430 0.0737384829 0.7446542732
3.9428571429 0.6639706195 0.0736853886 0.7441192646
3.9523809524 0.6645760233 0.0736322615 0.7435838886
3.9619047619 0.6651808536 0.0735791017 0.7430481463
3.9714285714 0.6657851098 0.0735259092 0.7425120391
3.9809523810 0.6663887912 0.0734726842 0.7419755681
3.9904761905 0.6669918971 0.0734194266 0.7414387345
4.0000000000 0.6675944267 0.0733661367 0.7409015397
4.0095238095 0.6681963793 0.0733128145 0.7403639848
4.0190476190 0.6687977541 0.0732594601 0.7398260712
4.0285714286 0.6693985503 0.0732060737 0.7392878002
4.0380952381 0.6699987672 0.0731526552 0.7387491732
4.0476190476 0.6705984040 0.0730992049 0.7382101915
4.0571428571 0.6711974597 0.0730457228 0.7376708565
4.0666666667 0.6717959335 0.0729922090 0.7371311696
4.0761904762 0.6723938246 0.0729386637 0.7365911321
4.0857142857 0.6729911321 0.0728850869 0.7360507456
4.0952380952 0.6735878551 0.0728314789 0.7355100116
4.1047619048 0.6741839927 0.0727778396 0.7349689313
4.1142857143 0.6747795440 0.0727241692 0.7344275065
4.1238095238 0.6753745080 0.0726704679 0.7338857384
4.1333333333 0.6759688837 0.0726167357 0.7333436288
4.1428571429 0.6765626703 0.0725629729 0.7328011792
4.1523809524 0.6771558667 0.0725091794 0.7322583910
4.1619047619 0.6777484719 0.0724553555 0.7317152659
4.1714285714 0.6783404850 0.0724015013 0.7311718054
4.1809523810 0.6789319049 0.0723476169 0.7306280113
4.1904761905 0.6795227306 0.0722937024 0.7300838851
4.2000000000 0.6801129610 0.0722397580 0.7295394284
4.2095238095 0.6807025952 0.0721857839 0.7289946430
4.2190476190 0.6812916321 0.0721317801 0.7284495304
4.2285714286 0.6818800705 0.0720777468 0.7279040925
4.2380952381 0.6824679094 0.0720236842 0.7273583309
4.2476190476 0.6830551478 0.0719695924 0.7268122473
4.2571428571 0.6836417844 0.0719154715 0.7262658436
4.2666666667 0.6842278183 0.0718613218 0.7257191214
4.2761904762 0.6848132483 0.0718071432 0.7251720825
4.2857142857 0.6853980732 0.0717529361 0.7246247287
4.2952380952 0.6859822919 0.0716987006 0.7240770618
4.3047619048 0.6865659034 0.0716444368 0.7235290837
4.3142857143 0.6871489063 0.0715901448 0.7229807962
4.3238095238 0.6877312997 0.0715358249 0.7224322011
4.3333333333 0.6883130822 0.0714814772 0.7218833003
4.3428571429 0.6888942528 0.0714271018 0.7213340957
4.3523809524 0.6894748102 0.0713726990 0.7207845892
4.3619047619 0.6900547532 0.0713182688 0.7202347826
4.3714285714 0.6906340808 0.0712638116 0.7196846779
4.3809523810 0.6912127915 0.0712093273 0.7191342771
4.3904761905 0.6917908844 0.0711548163 0.7185835821
4.4000000000 0.6923683580 0.0711002786 0.7180325948
4.4095238095 0.6929452113 0.0710457145 0.7174813172
4.4190476190 0.6935214430 0.0709911241 0.7169297514
4.4285714286 0.6940970518 0.0709365077 0.7163778993
4.4380952381 0.6946720366 0.0708818653 0.7158257629
4.4476190476 0.6952463960 0.0708271971 0.7152733443
4.4571428571 0.6958201288 0.0707725034 0.7147206455
4.4666666667 0.6963932339 0.0707177844 0.7141676685
4.4761904762 0.6969657099 0.0706630401 0.7136144155
4.4857142857 0.6975375555 0.0706082709 0.7130608885
4.4952380952 0.6981087696 0.0705534768 0.7125070896
4.5047619048 0.6986793508 0.0704986581 0.7119530209
4.5142857143 0.6992492979 0.0704438150 0.7113986845
4.5238095238 0.6998186096 0.0703889477 0.7108440826
4.5333333333 0.7003872846 0.0703340562 0.7102892172
4.5428571429 0.7009553217 0.0702791409 0.7097340906
4.5523809524 0.7015227195 0.0702242020 0.7091787049
4.5619047619 0.7020894768 0.0701692396 0.7086230622
4.5714285714 0.7026555924 0.0701142539 0.7080671648
4.5809523810 0.7032210648 0.0700592452 0.7075110149
4.5904761905 0.7037858929 0.0700042135 0.7069546146
4.6000000000 0.7043500753 0.0699491592 0.7063979661
4.6095238095 0.7049136108 0.0698940825 0.7058410717
4.6190476190 0.7054764980 0.0698389834 0.7052839337
4.6285714286 0.7060387357 0.0697838624 0.7047265542
4.6380952381 0.7066003226 0.0697287194 0.7041689356
4.6476190476 0.7071612573 0.0696735548 0.7036110801
4.6571428571 0.7077215386 0.0696183688 0.7030529899
4.6666666667 0.7082811651 0.0695631615 0.7024946674
4.6761904762 0.7088401357 0.0695079333 0.7019361148
4.6857142857 0.7093984489 0.0694526842 0.7013773345
4.6952380952 0.7099561035 0.0693974145 0.7008183288
4.7047619048 0.7105130982 0.0693421244 0.7002590999
4.7142857143 0.7110694317 0.0692868142 0.6996996503
4.7238095238 0.7116251027 0.0692314840 0.6991399822
4.7333333333 0.7121801099 0.0691761340 0.6985800981
4.7428571429 0.7127344521 0.0691207646 0.6980200003
4.7523809524 0.7132881278 0.0690653758 0.6974596910
4.7619047619 0.7138411358 0.0690099680 0.6968991728
4.7714285714 0.7143934749 0.0689545413 0.6963384480
4.7809523810 0.7149451438 0.0688990959 0.6957775190
4.7904761905 0.7154961411 0.0688436322 0.6952163882
4.8000000000 0.7160464655 0.0687881502 0.6946550580
4.8095238095 0.7165961159 0.0687326502 0.6940935308
4.8190476190 0.7171450909 0.0686771326 0.6935318090
4.8285714286 0.7176933892 0.0686215973 0.6929698951
4.8380952381 0.7182410095 0.0685660448 0.6924077915
4.8476190476 0.7187879507 0.0685104752 0.6918455007
4.8571428571 0.7193342113 0.0684548888 0.6912830250
4.8666666667 0.7198797902 0.0683992858 0.6907203670
4.8761904762 0.7204246860 0.0683436663 0.6901575291
4.8857142857 0.7209688976 0.0682880307 0.6895945138
4.8952380952 0.7215124236 0.0682323792 0.6890313236
4.9047619048 0.7220552629 0.0681767120 0.6884679610
4.9142857143 0.7225974140 0.0681210293 0.6879044284
4.9238095238 0.7231388759 0.0680653314 0.6873407283
4.9333333333 0.7236796472 0.0680096186 0.6867768633
4.9428571429 0.7242197267 0.0679538909 0.6862128359
4.9523809524 0.7247591132 0.0678981487 0.6856486485
4.9619047619 0.7252978055 0.0678423923 0.6850843037
4.9714285714 0.7258358022 0.0677866218 0.6845198040
4.9809523810 0.7263731022 0.0677308374 0.6839551520
4.9904761905 0.7269097043 0.0676750395 0.6833903502
5.0000000000 0.7274456073 0.0676192283 0.6828254011
5.0095238095 0.7279808098 0.0675634039 0.6822603074
5.0190476190 0.7285153108 0.0675075667 0.6816950714
5.0285714286 0.7290491090 0.0674517169 0.6811296958
5.0380952381 0.7295822033 0.0673958547 0.6805641832
5.0476190476 0.7301145924 0.0673399804 0.6799985361
5.0571428571 0.7306462751 0.0672840941 0.6794327571
5.0666666667 0.7311772503 0.0672281962 0.6788668487
5.0761904762 0.7317075168 0.0671722869 0.6783008136
5.0857142857 0.7322370734 0.0671163665 0.6777346544
5.0952380952 0.7327659189 0.0670604351 0.6771683735
5.1047619048 0.7332940523 0.0670044930 0.6766019737
5.1142857143 0.7338214723 0.0669485405 0.6760354574
5.1238095238 0.7343481778 0.0668925778 0.6754688274
5.1333333333 0.7348741676 0.0668366051 0.6749020862
5.1428571429 0.7353994407 0.0667806228 0.6743352364
5.1523809524 0.7359239958 0.0667246310 0.6737682806
5.1619047619 0.7364478319 0.0666686300 0.6732012215
5.1714285714 0.7369709479 0.0666126200 0.6726340616
5.1809523810 0.7374933426 0.0665566013 0.6720668036
5.1904761905 0.7380150149 0.0665005742 0.6714994500
5.2000000000 0.7385359637 0.0664445389 0.6709320036
5.2095238095 0.7390561880 0.0663884955 0.6703644670
5.2190476190 0.7395756867 0.0663324445 0.6697968427
5.2285714286 0.7400944586 0.0662763860 0.6692291334
5.2380952381 0.7406125027 0.0662203203 0.6686613418
5.2476190476 0.7411298180 0.0661642476 0.6680934705
5.2571428571 0.7416464033 0.0661081682 0.6675255220
5.2666666667 0.7421622577 0.0660520823 0.6669574992
5.2761904762 0.7426773801 0.0659959903 0.6663894045
5.2857142857 0.7431917694 0.0659398922 0.6658212407
5.2952380952 0.7437054247 0.0658837884 0.6652530103
5.3047619048 0.7442183448 0.0658276792 0.6646847161
5.3142857143 0.7447305289 0.0657715648 0.6641163607
5.3238095238 0.7452419758 0.0657154454 0.6635479468
5.3333333333 0.7457526847 0.0656593213 0.6629794769
5.3428571429 0.7462626544 0.0656031927 0.6624109538
5.3523809524 0.7467718841 0.0655470600 0.6618423801
5.3619047619 0.7472803727 0.0654909233 0.6612737584
5.3714285714 0.7477881193 0.0654347829 0.6607050914
5.3809523810 0.7482951229 0.0653786390 0.6601363818
5.3904761905 0.7488013826 0.0653224920 0.6595676322
5.4000000000 0.7493068974 0.0652663420 0.6589988453
5.4095238095 0.7498116664 0.0652101893 0.6584300238
5.4190476190 0.7503156886 0.0651540342 0.6578611702
5.4285714286 0.7508189632 0.0650978770 0.6572922873
5.4380952381 0.7513214892 0.0650417178 0.6567233777
5.4476190476 0.7518232658 0.0649855569 0.6561544440
5.4571428571 0.7523242920 0.0649293946 0.6555854890
5.4666666667 0.7528245669 0.0648732312 0.6550165153
5.4761904762 0.7533240898 0.0648170668 0.6544475255
5.4857142857 0.7538228596 0.0647609018 0.6538785223
5.4952380952 0.7543208756 0.0647047364 0.6533095084
5.5047619048 0.7548181369 0.0646485709 0.6527404863
5.5142857143 0.7553146426 0.0645924054 0.6521714589
5.5238095238 0.7558103920 0.0645362403 0.6516024287
5.5333333333 0.7563053842 0.0644800758 0.6510333983
5.5428571429 0.7567996183 0.0644239122 0.6504643705
5.5523809524 0.7572930936 0.0643677497 0.6498953478
5.5619047619 0.7577858093 0.0643115886 0.6493263330
5.5714285714 0.7582777646 0.0642554291 0.6487573287
5.5809523810 0.7587689587 0.0641992715 0.6481883375
5.5904761905 0.7592593908 0.0641431160 0.6476193620
5.6000000000 0.7597490603 0.0640869630 0.6470504050
5.6095238095 0.7602379662 0.0640308125 0.6464814690
5.6190476190 0.7607261079 0.0639746650 0.6459125568
5.6285714286 0.7612134846 0.0639185206 0.6453436709
5.6380952381 0.7617000957 0.0638623796 0.6447748139
5.6476190476 0.7621859404 0.0638062422 0.6442059886
5.6571428571 0.7626710179 0.0637501088 0.6436371975
5.6666666667 0.7631553277 0.0636939795 0.6430684433
5.6761904762 0.7636388690 0.0636378546 0.6424997286
5.6857142857 0.7641216411 0.0635817344 0.6419310560
5.6952380952 0.7646036433 0.0635256191 0.6413624282
5.7047619048 0.7650848751 0.0634695089 0.6407938478
5.7142857143 0.7655653357 0.0634134042 0.6402253174
5.7238095238 0.7660450245 0.0633573051 0.6396568395
5.7333333333 0.7665239409 0.0633012120 0.6390884169
5.7428571429 0.7670020842 0.0632451250 0.6385200522
5.7523809524 0.7674794539 0.0631890445 0.6379517478
5.7619047619 0.7679560493 0.0631329706 0.6373835066
5.7714285714 0.7684318698 0.0630769036 0.6368153309
5.7809523810 0.7689069149 0.0630208438 0.6362472236
5.7904761905 0.7693811840 0.0629647915 0.6356791870
5.8000000000 0.7698546765 0.0629087467 0.6351112239
5.8095238095 0.7703273918 0.0628527100 0.6345433368
5.8190476190 0.7707993295 0.0627966813 0.6339755283
5.8285714286 0.7712704889 0.0627406611 0.6334078010
5.8380952381 0.7717408696 0.0626846496 0.6328401575
5.8476190476 0.7722104710 0.0626286469 0.6322726002
5.8571428571 0.7726792927 0.0625726535 0.6317051319
5.8666666667 0.7731473341 0.0625166694 0.6311377551
5.8761904762 0.7736145947 0.0624606950 0.6305704723
5.8857142857 0.7740810741 0.0624047304 0.6300032860
5.8952380952 0.7745467717 0.0623487760 0.6294361989
5.9047619048 0.7750116873 0.0622928320 0.6288692135
5.9142857143 0.7754758202 0.0622368987 0.6283023323
5.9238095238 0.7759391700 0.0621809762 0.6277355579
5.9333333333 0.7764017364 0.0621250648 0.6271688928
5.9428571429 0.7768635188 0.0620691648 0.6266023395
5.9523809524 0.7773245170 0.0620132764 0.6260359006
5.9619047619 0.7777847304 0.0619573999 0.6254695785
5.9714285714 0.7782441588 0.0619015354 0.6249033759
5.9809523810 0.7787028017 0.0618456833 0.6243372952
5.9904761905 0.7791606587 0.0617898438 0.6237713389
6.0000000000 0.7796177295 0.0617340171 0.6232055095
6.0095238095 0.7800740137 0.0616782034 0.6226398095
6.0190476190 0.7805295111 0.0616224031 0.6220742414
6.0285714286 0.7809842212 0.0615666163 0.6215088077
6.0380952381 0.7814381437 0.0615108433 0.6209435109
6.0476190476 0.7818912784 0.0614550843 0.6203783534
6.0571428571 0.7823436249 0.0613993395 0.6198133378
6.0666666667 0.7827951829 0.0613436093 0.6192484664
6.0761904762 0.7832459523 0.0612878938 0.6186837418
6.0857142857 0.7836959325 0.0612321932 0.6181191664
6.0952380952 0.7841451235 0.0611765079 0.6175547426
6.1047619048 0.7845935250 0.0611208380 0.6169904729
6.1142857143 0.7850411367 0.0610651838 0.6164263597
6.1238095238 0.7854879584 0.0610095455 0.6158624055
6.1333333333 0.7859339899 0.0609539234 0.6152986127
6.1428571429 0.7863792309 0.0608983176 0.6147349837
6.1523809524 0.7868236813 0.0608427285 0.6141715208
6.1619047619 0.7872673408 0.0607871562 0.6136082266
6.1714285714 0.7877102093 0.0607316010 0.6130451035
6.1809523810 0.7881522865 0.0606760631 0.6124821537
6.1904761905 0.7885935725 0.0606205427 0.6119193797
6.2000000000 0.7890340669 0.0605650401 0.6113567839
6.2095238095 0.7894737696 0.0605095555 0.6107943687
6.2190476190 0.7899126805 0.0604540892 0.6102321364
6.2285714286 0.7903507995 0.0603986413 0.6096700894
6.2380952381 0.7907881264 0.0603432121 0.6091082300
6.2476190476 0.7912246612 0.0602878018 0.6085465607
6.2571428571 0.7916604037 0.0602324107 0.6079850836
6.2666666667 0.7920953539 0.0601770389 0.6074238013
6.2761904762 0.7925295116 0.0601216868 0.6068627159
6.2857142857 0.7929628769 0.0600663544 0.6063018299
6.2952380952 0.7933954496 0.0600110421 0.6057411455
6.3047619048 0.7938272297 0.0599557501 0.6051806651
6.3142857143 0.7942582172 0.0599004785 0.6046203909
6.3238095238 0.7946884120 0.0598452277 0.6040603253
6.3333333333 0.7951178141 0.0597899978 0.6035004705
6.3428571429 0.7955464235 0.0597347891 0.6029408288
6.3523809524 0.7959742402 0.0596796017 0.6023814025
6.3619047619 0.7964012642 0.0596244359 0.6018221939
6.3714285714 0.7968274955 0.0595692920 0.6012632052
6.3809523810 0.7972529341 0.0595141701 0.6007044387
6.3904761905 0.7976775801 0.0594590704 0.6001458965
6.4000000000 0.7981014336 0.0594039932 0.5995875810
6.4095238095 0.7985244945 0.0593489387 0.5990294944
6.4190476190 0.7989467629 0.0592939071 0.5984716389
6.4285714286 0.7993682390 0.0592388986 0.5979140167
6.4380952381 0.7997889227 0.0591839134 0.5973566300
6.4476190476 0.8002088143 0.0591289518 0.5967994811
6.4571428571 0.8006279137 0.0590740139 0.5962425721
6.4666666667 0.8010462211 0.0590191000 0.5956859051
6.4761904762 0.8014637366 0.0589642103 0.5951294824
6.4857142857 0.8018804603 0.0589093450 0.5945733062
6.4952380952 0.8022963924 0.0588545043 0.5940173786
6.5047619048 0.8027115330 0.0587996883 0.5934617017
6.5142857143 0.8031258823 0.0587448974 0.5929062778
6.5238095238 0.8035394404 0.0586901317 0.5923511089
6.5333333333 0.8039522075 0.0586353915 0.5917961971
6.5428571429 0.8043641838 0.0585806768 0.5912415446
6.5523809524 0.8047753695 0.0585259881 0.5906871536
6.5619047619 0.8051857647 0.0584713253 0.5901330260
6.5714285714 0.8055953697 0.0584166888 0.5895791641
6.5809523810 0.8060041848 0.0583620788 0.5890255698
6.5904761905 0.8064122100 0.0583074954 0.5884722453
6.6000000000 0.8068194457 0.0582529389 0.5879191927
6.6095238095 0.8072258921 0.0581984094 0.5873664140
6.6190476190 0.8076315494 0.0581439072 0.5868139113
6.6285714286 0.8080364180 0.0580894324 0.5862616865
6.6380952381 0.8084404980 0.0580349853 0.5857097419
6.6476190476 0.8088437897 0.0579805661 0.5851580793
6.6571428571 0.8092462935 0.0579261749 0.5846067008
6.6666666667 0.8096480097 0.0578718119 0.5840556085
6.6761904762 0.8100489385 0.0578174774 0.5835048043
6.6857142857 0.8104490802 0.0577631715 0.5829542902
6.6952380952 0.8108484352 0.0577088944 0.5824040682
6.7047619048 0.8112470038 0.0576546464 0.5818541404
6.7142857143 0.8116447863 0.0576004275 0.5813045086
6.7238095238 0.8120417830 0.0575462381 0.5807551748
6.7333333333 0.8124379945 0.0574920782 0.5802061410
6.7428571429 0.8128334208 0.0574379482 0.5796574092
6.7523809524 0.8132280626 0.0573838481 0.5791089813
6.7619047619 0.8136219201 0.0573297781 0.5785608591
6.7714285714 0.8140149937 0.0572757385 0.5780130447
6.7809523810 0.8144072838 0.0572217295 0.5774655399
6.7904761905 0.8147987908 0.0571677511 0.5769183467
6.8000000000 0.8151895152 0.0571138037 0.5763714668
6.8095238095 0.8155794573 0.0570598873 0.5758249023
6.8190476190 0.8159686175 0.0570060022 0.5752786550
6.8285714286 0.8163569964 0.0569521486 0.5747327268
6.8380952381 0.8167445943 0.0568983265 0.5741871195
6.8476190476 0.8171314116 0.0568445363 0.5736418349
6.8571428571 0.8175174490 0.0567907781 0.5730968750
6.8666666667 0.8179027067 0.0567370520 0.5725522415
6.8761904762 0.8182871853 0.0566833583 0.5720079363
6.8857142857 0.8186708853 0.0566296971 0.5714639612
6.8952380952 0.8190538071 0.0565760686 0.5709203180
6.9047619048 0.8194359513 0.0565224730 0.5703770084
6.9142857143 0.8198173184 0.0564689104 0.5698340343
6.9238095238 0.8201979087 0.0564153810 0.5692913975
6.9333333333 0.8205777230 0.0563618850 0.5687490997
6.9428571429 0.8209567617 0.0563084226 0.5682071427
6.9523809524 0.8213350253 0.0562549939 0.5676655282
6.9619047619 0.8217125143 0.0562015992 0.5671242580
6.9714285714 0.8220892294 0.0561482385 0.5665833339
6.9809523810 0.8224651711 0.0560949120 0.5660427574
6.9904761905 0.8228403399 0.0560416200 0.5655025304
7.0000000000 0.8232147364 0.0559883625 0.5649626546
7.0095238095 0.8235883612 0.0559351397 0.5644231316
7.0190476190 0.8239612148 0.0558819519 0.5638839632
7.0285714286 0.8243332979 0.0558287991 0.5633451510
7.0380952381 0.8247046111 0.0557756816 0.5628066967
7.0476190476 0.8250751549 0.0557225994 0.5622686019
7.0571428571 0.8254449300 0.0556695528 0.5617308684
7.0666666667 0.8258139369 0.0556165420 0.5611934977
7.0761904762 0.8261821764 0.0555635670 0.5606564915
7.0857142857 0.8265496490 0.0555106280 0.5601198514
7.0952380952 0.8269163554 0.0554577252 0.5595835790
7.1047619048 0.8272822962 0.0554048588 0.5590476760
7.1142857143 0.8276474721 0.0553520288 0.5585121439
7.1238095238 0.8280118837 0.0552992355 0.5579769843
7.1333333333 0.8283755317 0.0552464791 0.5574421988
7.1428571429 0.8287384168 0.0551937596 0.5569077889
7.1523809524 0.8291005397 0.0551410772 0.5563737563
7.1619047619 0.8294619010 0.0550884320 0.5558401025
7.1714285714 0.8298225014 0.0550358243 0.5553068290
7.1809523810 0.8301823416 0.0549832542 0.5547739373
7.1904761905 0.8305414223 0.0549307218 0.5542414290
7.2000000000 0.8308997443 0.0548782272 0.5537093056
7.2095238095 0.8312573083 0.0548257707 0.5531775685
7.2190476190 0.8316141149 0.0547733523 0.5526462194
7.2285714286 0.8319701649 0.0547209722 0.5521152597
7.2380952381 0.8323254590 0.0546686305 0.5515846908
7.2476190476 0.8326799981 0.0546163275 0.5510545142
7.2571428571 0.8330337827 0.0545640632 0.5505247314
7.2666666667 0.8333868138 0.0545118377 0.5499953438
7.2761904762 0.8337390919 0.0544596513 0.5494663529
7.2857142857 0.8340906180 0.0544075040 0.5489377601
7.2952380952 0.8344413928 0.0543553960 0.5484095668
7.3047619048 0.8347914170 0.0543033275 0.5478817745
7.3142857143 0.8351406914 0.0542512985 0.5473543845
7.3238095238 0.8354892168 0.0541993092 0.5468273982
7.3333333333 0.8358369941 0.0541473598 0.5463008171
7.3428571429 0.8361840240 0.0540954503 0.5457746424
7.3523809524 0.8365303073 0.0540435809 0.5452488756
7.3619047619 0.8368758448 0.0539917518 0.5447235181
7.3714285714 0.8372206373 0.0539399631 0.5441985711
7.3809523810 0.8375646858 0.0538882148 0.5436740360
7.3904761905 0.8379079909 0.0538365072 0.5431499142
7.4000000000 0.8382505535 0.0537848403 0.5426262069
7.4095238095 0.8385923745 0.0537332144 0.5421029155
7.4190476190 0.8389334547 0.0536816295 0.5415800413
7.4285714286 0.8392737950 0.0536300857 0.5410575856
7.4380952381 0.8396133962 0.0535785831 0.5405355496
7.4476190476 0.8399522591 0.0535271220 0.5400139347
7.4571428571 0.8402903847 0.0534757024 0.5394927420
7.4666666667 0.8406277737 0.0534243244 0.5389719729
7.4761904762 0.8409644271 0.0533729882 0.5384516287
7.4857142857 0.8413003458 0.0533216939 0.5379317104
7.4952380952 0.8416355306 0.0532704416 0.5374122195
7.5047619048 0.8419699825 0.0532192314 0.5368931570
7.5142857143 0.8423037022 0.0531680634 0.5363745243
7.5238095238 0.8426366908 0.0531169379 0.5358563224
7.5333333333 0.8429689490 0.0530658548 0.5353385527
7.5428571429 0.8433004779 0.0530148142 0.5348212163
7.5523809524 0.8436312784 0.0529638164 0.5343043143
7.5619047619 0.8439613513 0.0529128615 0.5337878480
7.5714285714 0.8442906975 0.0528619494 0.5332718185
7.5809523810 0.8446193181 0.0528110804 0.5327562269
7.5904761905 0.8449472139 0.0527602546 0.5322410744
7.6000000000 0.8452743859 0.0527094720 0.5317263621
7.6095238095 0.8456008349 0.0526587328 0.5312120912
7.6190476190 0.8459265621 0.0526080372 0.5306982627
7.6285714286 0.8462515682 0.0525573851 0.5301848778
7.6380952381 0.8465758543 0.0525067767 0.5296719375
7.6476190476 0.8468994213 0.0524562121 0.5291594430
7.6571428571 0.8472222701 0.0524056915 0.5286473953
7.6666666667 0.8475444018 0.0523552148 0.5281357954
7.6761904762 0.8478658173 0.0523047823 0.5276246446
7.6857142857 0.8481865176 0.0522543940 0.5271139437
7.6952380952 0.8485065037 0.0522040501 0.5266036939
7.7047619048 0.8488257764 0.0521537506 0.5260938961
7.7142857143 0.8491443370 0.0521034956 0.5255845515
7.7238095238 0.8494621862 0.0520532853 0.5250756610
7.7333333333 0.8497793251 0.0520031197 0.5245672256
7.7428571429 0.8500957548 0.0519529989 0.5240592463
7.7523809524 0.8504114761 0.0519029230 0.5235517242
7.7619047619 0.8507264902 0.0518528922 0.5230446601
7.7714285714 0.8510407980 0.0518029065 0.5225380552
7.7809523810 0.8513544005 0.0517529660 0.5220319102
7.7904761905 0.8516672987 0.0517030708 0.5215262263
7.8000000000 0.8519794938 0.0516532210 0.5210210043
7.8095238095 0.8522909866 0.0516034167 0.5205162452
7.8190476190 0.8526017783 0.0515536580 0.5200119499
7.8285714286 0.8529118698 0.0515039449 0.5195081194
7.8380952381 0.8532212621 0.0514542776 0.5190047544
7.8476190476 0.8535299565 0.0514046562 0.5185018561
7.8571428571 0.8538379537 0.0513550807 0.5179994252
7.8666666667 0.8541452550 0.0513055512 0.5174974626
7.8761904762 0.8544518613 0.0512560679 0.5169959692
7.8857142857 0.8547577737 0.0512066307 0.5164949460
7.8952380952 0.8550629933 0.0511572398 0.5159943936
7.9047619048 0.8553675211 0.0511078953 0.5154943131
7.9142857143 0.8556713582 0.0510585973 0.5149947053
7.9238095238 0.8559745056 0.0510093457 0.5144955709
7.9333333333 0.8562769644 0.0509601408 0.5139969108
7.9428571429 0.8565787356 0.0509109826 0.5134987259
7.9523809524 0.8568798205 0.0508618712 0.5130010169
7.9619047619 0.8571802199 0.0508128066 0.5125037847
7.9714285714 0.8574799350 0.0507637889 0.5120070300
7.9809523810 0.8577789669 0.0507148182 0.5115107537
7.9904761905 0.8580773167 0.0506658947 0.5110149565
8.0000000000 0.8583749854 0.0506170182 0.5105196392
8.0095238095 0.8586719741 0.0505681891 0.5100248025
8.0190476190 0.8589682839 0.0505194072 0.5095304473
8.0285714286 0.8592639160 0.0504706727 0.5090365742
8.0380952381 0.8595588714 0.0504219857 0.5085431840
8.0476190476 0.8598531512 0.0503733462 0.5080502774
8.0571428571 0.8601467565 0.0503247543 0.5075578552
8.0666666667 0.8604396885 0.0502762100 0.5070659180
8.0761904762 0.8607319481 0.0502277135 0.5065744666
8.0857142857 0.8610235367 0.0501792648 0.5060835017
8.0952380952 0.8613144551 0.0501308640 0.5055930240
8.1047619048 0.8616047046 0.0500825111 0.5051030341
8.1142857143 0.8618942863 0.0500342062 0.5046135327
8.1238095238 0.8621832013 0.0499859494 0.5041245205
8.1333333333 0.8624714508 0.0499377408 0.5036359982
8.1428571429 0.8627590357 0.0498895803 0.5031479664
8.1523809524 0.8630459574 0.0498414681 0.5026604257
8.1619047619 0.8633322168 0.0497934042 0.5021733768
8.1714285714 0.8636178151 0.0497453888 0.5016868203
8.1809523810 0.8639027535 0.0496974217 0.5012007569
8.1904761905 0.8641870332 0.0496495032 0.5007151871
8.2000000000 0.8644706551 0.0496016333 0.5002301115
8.2095238095 0.8647536205 0.0495538120 0.4997455308
8.2190476190 0.8650359305 0.0495060393 0.4992614456
8.2285714286 0.8653175862 0.0494583154 0.4987778564
8.2380952381 0.8655985889 0.0494106404 0.4982947637
8.2476190476 0.8658789395 0.0493630141 0.4978121683
8.2571428571 0.8661586394 0.0493154368 0.4973300706
8.2666666667 0.8664376896 0.0492679085 0.4968484711
8.2761904762 0.8667160913 0.0492204292 0.4963673705
8.2857142857 0.8669938456 0.0491729989 0.4958867693
8.2952380952 0.8672709537 0.0491256178 0.4954066679
8.3047619048 0.8675474167 0.0490782859 0.4949270670
8.3142857143 0.8678232358 0.0490310032 0.4944479670
8.3238095238 0.8680984122 0.0489837697 0.4939693685
8.3333333333 0.8683729471 0.0489365856 0.4934912719
8.3428571429 0.8686468415 0.0488894509 0.4930136777
8.3523809524 0.8689200966 0.0488423656 0.4925365865
8.3619047619 0.8691927137 0.0487953297 0.4920599987
8.3714285714 0.8694646938 0.0487483434 0.4915839147
8.3809523810 0.8697360382 0.0487014067 0.4911083352
8.3904761905 0.8700067480 0.0486545195 0.4906332604
8.4000000000 0.8702768244 0.0486076820 0.4901586908
8.4095238095 0.8705462685 0.0485608943 0.4896846270
8.4190476190 0.8708150816 0.0485141562 0.4892110693
8.4285714286 0.8710832647 0.0484674680 0.4887380182
8.4380952381 0.8713508192 0.0484208295 0.4882654741
8.4476190476 0.8716177461 0.0483742409 0.4877934374
8.4571428571 0.8718840466 0.0483277023 0.4873219085
8.4666666667 0.8721497219 0.0482812136 0.4868508878
8.4761904762 0.8724147733 0.0482347748 0.4863803757
8.4857142857 0.8726792017 0.0481883861 0.4859103727
8.4952380952 0.8729430086 0.0481420475 0.4854408790
8.5047619048 0.8732061950 0.0480957589 0.4849718951
8.5142857143 0.8734687621 0.0480495205 0.4845034213
8.5238095238 0.8737307111 0.0480033323 0.4840354580
8.5333333333 0.8739920432 0.0479571942 0.4835680056
8.5428571429 0.8742527595 0.0479111064 0.4831010643
8.5523809524 0.8745128613 0.0478650689 0.4826346346
8.5619047619 0.8747723498 0.0478190817 0.4821687168
8.5714285714 0.8750312261 0.0477731448 0.4817033111
8.5809523810 0.8752894914 0.0477272583 0.4812384180
8.5904761905 0.8755471470 0.0476814222 0.4807740377
8.6000000000 0.8758041940 0.0476356365 0.4803101706
8.6095238095 0.8760606335 0.0475899013 0.4798468169
8.6190476190 0.8763164669 0.0475442166 0.4793839770
8.6285714286 0.8765716952 0.0474985824 0.4789216511
8.6380952381 0.8768263197 0.0474529988 0.4784598395
8.6476190476 0.8770803416 0.0474074657 0.4779985425
8.6571428571 0.8773337620 0.0473619833 0.4775377603
8.6666666667 0.8775865822 0.0473165514 0.4770774933
8.6761904762 0.8778388034 0.0472711703 0.4766177417
8.6857142857 0.8780904267 0.0472258398 0.4761585057
8.6952380952 0.8783414534 0.0471805600 0.4756997857
8.7047619048 0.8785918846 0.0471353309 0.4752415817
8.7142857143 0.8788417215 0.0470901526 0.4747838941
8.7238095238 0.8790909654 0.0470450251 0.4743267230
8.7333333333 0.8793396174 0.0469999483 0.4738700688
8.7428571429 0.8795876788 0.0469549224 0.4734139316
8.7523809524 0.8798351506 0.0469099473 0.4729583116
8.7619047619 0.8800820343 0.0468650231 0.4725032091
8.7714285714 0.8803283308 0.0468201497 0.4720486241
8.7809523810 0.8805740415 0.0467753273 0.4715945570
8.7904761905 0.8808191675 0.0467305557 0.4711410079
8.8000000000 0.8810637100 0.0466858351 0.4706879770
8.8095238095 0.8813076703 0.0466411655 0.4702354645
8.8190476190 0.8815510494 0.0465965468 0.4697834704
8.8285714286 0.8817938487 0.0465519791 0.4693319950
8.8380952381 0.8820360694 0.0465074624 0.4688810385
8.8476190476 0.8822777125 0.0464629967 0.4684306010
8.8571428571 0.8825187794 0.0464185820 0.4679806826
8.8666666667 0.8827592712 0.0463742184 0.4675312835
8.8761904762 0.8829991891 0.0463299059 0.4670824038
8.8857142857 0.8832385343 0.0462856444 0.4666340436
8.8952380952 0.8834773081 0.0462414340 0.4661862030
8.9047619048 0.8837155116 0.0461972746 0.4657388823
8.9142857143 0.8839531459 0.0461531664 0.4652920814
8.9238095238 0.8841902125 0.0461091093 0.4648458005
8.9333333333 0.8844267123 0.0460651033 0.4644000397
8.9428571429 0.8846626466 0.0460211485 0.4639547990
8.9523809524 0.8848980167 0.0459772448 0.4635100787
8.9619047619 0.8851328237 0.0459333922 0.4630658786
8.9714285714 0.8853670687 0.0458895908 0.4626221990
8.9809523810 0.8856007531 0.0458458406 0.4621790400
8.9904761905 0.8858338780 0.0458021416 0.4617364014
9.0000000000 0.8860664446 0.0457584937 0.4612942835
9.0095238095 0.8862984541 0.0457148970 0.4608526863
9.0190476190 0.8865299077 0.0456713515 0.4604116098
9.0285714286 0.8867608065 0.0456278572 0.4599710541
9.0380952381 0.8869911519 0.0455844141 0.4595310193
9.0476190476 0.8872209449 0.0455410222 0.4590915053
9.0571428571 0.8874501868 0.0454976815 0.4586525121
9.0666666667 0.8876788788 0.0454543920 0.4582140399
9.0761904762 0.8879070220 0.0454111538 0.4577760887
9.0857142857 0.8881346177 0.0453679667 0.4573386583
9.0952380952 0.8883616670 0.0453248309 0.4569017490
9.1047619048 0.8885881712 0.0452817463 0.4564653606
9.1142857143 0.8888141314 0.0452387129 0.4560294932
9.1238095238 0.8890395489 0.0451957307 0.4555941467
9.1333333333 0.8892644247 0.0451527997 0.4551593212
9.1428571429 0.8894887601 0.0451099200 0.4547250166
9.1523809524 0.8897125564 0.0450670914 0.4542912329
9.1619047619 0.8899358146 0.0450243141 0.4538579702
9.1714285714 0.8901585359 0.0449815880 0.4534252283
9.1809523810 0.8903807217 0.0449389131 0.4529930072
9.1904761905 0.8906023729 0.0448962893 0.4525613069
9.2000000000 0.8908234909 0.0448537168 0.4521301274
9.2095238095 0.8910440768 0.0448111955 0.4516994686
9.2190476190 0.8912641318 0.0447687254 0.4512693304
9.2285714286 0.8914836571 0.0447263064 0.4508397129
9.2380952381 0.8917026538 0.0446839387 0.4504106158
9.2476190476 0.8919211232 0.0446416221 0.4499820393
9.2571428571 0.8921390663 0.0445993566 0.4495539831
9.2666666667 0.8923564845 0.0445571424 0.4491264472
9.2761904762 0.8925733789 0.0445149792 0.4486994316
9.2857142857 0.8927897506 0.0444728672 0.4482729361
9.2952380952 0.8930056009 0.0444308064 0.4478469607
9.3047619048 0.8932209309 0.0443887967 0.4474215053
9.3142857143 0.8934357417 0.0443468381 0.4469965698
9.3238095238 0.8936500346 0.0443049306 0.4465721540
9.3333333333 0.8938638108 0.0442630742 0.4461482579
9.3428571429 0.8940770714 0.0442212689 0.4457248813
9.3523809524 0.8942898175 0.0441795146 0.4453020242
9.3619047619 0.8945020504 0.0441378115 0.4448796865
9.3714285714 0.8947137712 0.0440961593 0.4444578679
9.3809523810 0.8949249811 0.0440545583 0.4440365684
9.3904761905 0.8951356813 0.0440130082 0.4436157878
9.4000000000 0.8953458729 0.0439715092 0.4431955261
9.4095238095 0.8955555570 0.0439300611 0.4427757830
9.4190476190 0.8957647350 0.0438886641 0.4423565584
9.4285714286 0.8959734078 0.0438473180 0.4419378522
9.4380952381 0.8961815767 0.0438060229 0.4415196643
9.4476190476 0.8963892429 0.0437647787 0.4411019944
9.4571428571 0.8965964074 0.0437235855 0.4406848424
9.4666666667 0.8968030715 0.0436824431 0.4402682081
9.4761904762 0.8970092363 0.0436413517 0.4398520914
9.4857142857 0.8972149030 0.0436003111 0.4394364921
9.4952380952 0.8974200728 0.0435593214 0.4390214101
9.5047619048 0.8976247467 0.0435183826 0.4386068451
9.5142857143 0.8978289259 0.0434774946 0.4381927970
9.5238095238 0.8980326116 0.0434366573 0.4377792655
9.5333333333 0.8982358050 0.0433958709 0.4373662505
9.5428571429 0.8984385071 0.0433551353 0.4369537518
9.5523809524 0.8986407191 0.0433144504 0.4365417692
9.5619047619 0.8988424423 0.0432738162 0.4361303025
9.5714285714 0.8990436777 0.0432332327 0.4357193515
9.5809523810 0.8992444264 0.0431927000 0.4353089159
9.5904761905 0.8994446896 0.0431522179 0.4348989956
9.6000000000 0.8996444685 0.0431117865 0.4344895904
9.6095238095 0.8998437642 0.0430714057 0.4340807000
9.6190476190 0.9000425778 0.0430310755 0.4336723241
9.6285714286 0.9002409104 0.0429907959 0.4332644627
9.6380952381 0.9004387633 0.0429505668 0.4328571154
9.6476190476 0.9006361375 0.0429103883 0.4324502820
9.6571428571 0.9008330342 0.0428702603 0.4320439622
9.6666666667 0.9010294545 0.0428301828 0.4316381559
9.6761904762 0.9012253995 0.0427901558 0.4312328628
9.6857142857 0.9014208703 0.0427501793 0.4308280826
9.6952380952 0.9016158682 0.0427102531 0.4304238151
9.7047619048 0.9018103941 0.0426703774 0.4300200600
9.7142857143 0.9020044493 0.0426305520 0.4296168170
9.7238095238 0.9021980348 0.0425907770 0.4292140860
9.7333333333 0.9023911519 0.0425510523 0.4288118666
9.7428571429 0.9025838015 0.0425113779 0.4284101586
9.7523809524 0.9027759848 0.0424717537 0.4280089617
9.7619047619 0.9029677030 0.0424321798 0.4276082757
9.7714285714 0.9031589571 0.0423926561 0.4272081001
9.7809523810 0.9033497483 0.0423531826 0.4268084349
9.7904761905 0.9035400777 0.0423137593 0.4264092796
9.8000000000 0.9037299464 0.0422743861 0.4260106340
9.8095238095 0.9039193554 0.0422350630 0.4256124979
9.8190476190 0.9041083060 0.0421957900 0.4252148708
9.8285714286 0.9042967991 0.0421565671 0.4248177526
9.8380952381 0.9044848360 0.0421173941 0.4244211429
9.8476190476 0.9046724177 0.0420782712 0.4240250414
9.8571428571 0.9048595453 0.0420391982 0.4236294478
9.8666666667 0.9050462200 0.0420001751 0.4232343618
9.8761904762 0.9052324427 0.0419612019 0.4228397831
9.8857142857 0.9054182147 0.0419222786 0.4224457114
9.8952380952 0.9056035370 0.0418834052 0.4220521463
9.9047619048 0.9057884106 0.0418445815 0.4216590876
9.9142857143 0.9059728368 0.0418058076 0.4212665349
9.9238095238 0.9061568165 0.0417670835 0.4208744879
9.9333333333 0.9063403510 0.0417284091 0.4204829463
9.9428571429 0.9065234411 0.0416897844 0.4200919096
9.9523809524 0.9067060882 0.0416512093 0.4197013777
9.9619047619 0.9068882931 0.0416126838 0.4193113502
9.9714285714 0.9070700571 0.0415742079 0.4189218266
9.9809523810 0.9072513811 0.0415357815 0.4185328068
9.9904761905 0.9074322663 0.0414974047 0.4181442903
10.0000000000 0.9076127137 0.0414590774 0.4177562768
10.0095238095 0.9077927245 0.0414207995 0.4173687659
10.0190476190 0.9079722996 0.0413825710 0.4169817573
10.0285714286 0.9081514402 0.0413443919 0.4165952506
10.0380952381 0.9083301474 0.0413062621 0.4162092455
10.0476190476 0.9085084221 0.0412681816 0.4158237417
10.0571428571 0.9086862655 0.0412301504 0.4154387386
10.0666666667 0.9088636786 0.0411921685 0.4150542361
10.0761904762 0.9090406626 0.0411542357 0.4146702337
10.0857142857 0.9092172183 0.0411163522 0.4142867310
10.0952380952 0.9093933470 0.0410785177 0.4139037277
10.1047619048 0.9095690496 0.0410407323 0.4135212234
10.1142857143 0.9097443273 0.0410029960 0.4131392178
10.1238095238 0.9099191810 0.0409653088 0.4127577103
10.1333333333 0.9100936119 0.0409276705 0.4123767008
10.1428571429 0.9102676210 0.0408900811 0.4119961887
10.1523809524 0.9104412092 0.0408525406 0.4116161737
10.1619047619 0.9106143778 0.0408150491 0.4112366554
10.1714285714 0.9107871276 0.0407776063 0.4108576334
10.1809523810 0.9109594599 0.0407402123 0.4104791073
10.1904761905 0.9111313755 0.0407028671 0.4101010768
10.2000000000 0.9113028756 0.0406655706 0.4097235414
10.2095238095 0.9114739611 0.0406283228 0.4093465007
10.2190476190 0.9116446332 0.0405911236 0.4089699543
10.2285714286 0.9118148928 0.0405539731 0.4085939018
10.2380952381 0.9119847409 0.0405168710 0.4082183429
10.2476190476 0.9121541787 0.0404798175 0.4078432770
10.2571428571 0.9123232071 0.0404428125 0.4074687039
10.2666666667 0.9124918272 0.0404058559 0.4070946230
10.2761904762 0.9126600400 0.0403689477 0.4067210340
10.2857142857 0.9128278465 0.0403320879 0.4063479364
10.2952380952 0.9129952477 0.0402952764 0.4059753298
10.3047619048 0.9131622446 0.0402585131 0.4056032139
10.3142857143 0.9133288384 0.0402217981 0.4052315881
10.3238095238 0.9134950299 0.0401851313 0.4048604521
10.3333333333 0.9136608201 0.0401485126 0.4044898054
10.3428571429 0.9138262102 0.0401119420 0.4041196476
10.3523809524 0.9139912012 0.0400754195 0.4037499783
10.3619047619 0.9141557939 0.0400389450 0.4033807970
10.3714285714 0.9143199894 0.0400025185 0.4030121033
10.3809523810 0.9144837888 0.0399661400 0.4026438968
10.3904761905 0.9146471930 0.0399298093 0.4022761770
10.4000000000 0.9148102031 0.0398935265 0.4019089435
10.4095238095 0.9149728199 0.0398572915 0.4015421959
10.4190476190 0.9151350446 0.0398211043 0.4011759336
10.4285714286 0.9152968782 0.0397849647 0.4008101563
10.4380952381 0.9154583215 0.0397488729 0.4004448635
10.4476190476 0.9156193756 0.0397128287 0.4000800548
10.4571428571 0.9157800415 0.0396768321 0.3997157297
10.4666666667 0.9159403202 0.0396408831 0.3993518877
10.4761904762 0.9161002126 0.0396049815 0.3989885284
10.4857142857 0.9162597198 0.0395691274 0.3986256514
10.4952380952 0.9164188427 0.0395333207 0.3982632562
10.5047619048 0.9165775823 0.0394975614 0.3979013423
10.5142857143 0.9167359396 0.0394618494 0.3975399093
10.5238095238 0.9168939156 0.0394261847 0.3971789566
10.5333333333 0.9170515111 0.0393905672 0.3968184839
10.5428571429 0.9172087273 0.0393549969 0.3964584907
10.5523809524 0.9173655650 0.0393194738 0.3960989765
10.5619047619 0.9175220252 0.0392839977 0.3957399409
10.5714285714 0.9176781089 0.0392485687 0.3953813833
10.5809523810 0.9178338171 0.0392131867 0.3950233033
10.5904761905 0.9179891507 0.0391778517 0.3946657004
10.6000000000 0.9181441107 0.0391425635 0.3943085742
10.6095238095 0.9182986980 0.0391073223 0.3939519242
10.6190476190 0.9184529136 0.0390721278 0.3935957498
10.6285714286 0.9186067585 0.0390369802 0.3932400507
10.6380952381 0.9187602335 0.0390018792 0.3928848263
10.6476190476 0.9189133397 0.0389668249 0.3925300762
10.6571428571 0.9190660780 0.0389318173 0.3921757998
10.6666666667 0.9192184493 0.0388968562 0.3918219967
10.6761904762 0.9193704545 0.0388619417 0.3914686665
10.6857142857 0.9195220947 0.0388270737 0.3911158085
10.6952380952 0.9196733708 0.0387922521 0.3907634224
10.7047619048 0.9198242836 0.0387574769 0.3904115076
10.7142857143 0.9199748342 0.0387227480 0.3900600637
10.7238095238 0.9201250234 0.0386880655 0.3897090901
10.7333333333 0.9202748522 0.0386534292 0.3893585864
10.7428571429 0.9204243216 0.0386188391 0.3890085520
10.7523809524 0.9205734324 0.0385842951 0.3886589865
10.7619047619 0.9207221855 0.0385497972 0.3883098894
10.7714285714 0.9208705820 0.0385153454 0.3879612602
10.7809523810 0.9210186227 0.0384809396 0.3876130983
10.7904761905 0.9211663085 0.0384465798 0.3872654033
10.8000000000 0.9213136404 0.0384122659 0.3869181747
10.8095238095 0.9214606192 0.0383779978 0.3865714119
10.8190476190 0.9216072460 0.0383437755 0.3862251145
10.8285714286 0.9217535215 0.0383095990 0.3858792820
10.8380952381 0.9218994467 0.0382754682 0.3855339138
10.8476190476 0.9220450226 0.0382413831 0.3851890094
10.8571428571 0.9221902499 0.0382073435 0.3848445684
10.8666666667 0.9223351297 0.0381733496 0.3845005902
10.8761904762 0.9224796628 0.0381394011 0.3841570744
10.8857142857 0.9226238501 0.0381054981 0.3838140203
10.8952380952 0.9227676926 0.0380716405 0.3834714275
10.9047619048 0.9229111910 0.0380378283 0.3831292955
10.9142857143 0.9230543464 0.0380040614 0.3827876238
10.9238095238 0.9231971596 0.0379703397 0.3824464118
10.9333333333 0.9233396314 0.0379366632 0.3821056590
10.9428571429 0.9234817628 0.0379030319 0.3817653649
10.9523809524 0.9236235547 0.0378694458 0.3814255291
10.9619047619 0.9237650080 0.0378359046 0.3810861508
10.9714285714 0.9239061234 0.0378024085 0.3807472298
10.9809523810 0.9240469020 0.0377689573 0.3804087654
10.9904761905 0.9241873445 0.0377355510 0.3800707571
11.0000000000 0.9243274519 0.0377021896 0.3797332043
11.0095238095 0.9244672251 0.0376688730 0.3793961067
11.0190476190 0.9246066648 0.0376356011 0.3790594635
11.0285714286 0.9247457720 0.0376023740 0.3787232744
11.0380952381 0.9248845476 0.0375691915 0.3783875387
11.0476190476 0.9250229924 0.0375360535 0.3780522561
11.0571428571 0.9251611072 0.0375029601 0.3777174258
11.0666666667 0.9252988929 0.0374699112 0.3773830474
11.0761904762 0.9254363505 0.0374369068 0.3770491204
11.0857142857 0.9255734807 0.0374039467 0.3767156442
11.0952380952 0.9257102844 0.0373710310 0.3763826184
11.1047619048 0.9258467624 0.0373381595 0.3760500423
11.1142857143 0.9259829157 0.0373053323 0.3757179154
11.1238095238 0.9261187450 0.0372725493 0.3753862373
11.1333333333 0.9262542513 0.0372398104 0.3750550073
11.1428571429 0.9263894353 0.0372071155 0.3747242250
11.1523809524 0.9265242978 0.0371744647 0.3743938898
11.1619047619 0.9266588399 0.0371418579 0.3740640011
11.1714285714 0.9267930621 0.0371092949 0.3737345585
11.1809523810 0.9269269656 0.0370767759 0.3734055613
11.1904761905 0.9270605509 0.0370443006 0.3730770091
11.2000000000 0.9271938191 0.0370118691 0.3727489013
11.2095238095 0.9273267708 0.0369794813 0.3724212374
11.2190476190 0.9274594070 0.0369471372 0.3720940168
11.2285714286 0.9275917285 0.0369148367 0.3717672390
11.2380952381 0.9277237361 0.0368825797 0.3714409035
11.2476190476 0.9278554306 0.0368503662 0.3711150097
11.2571428571 0.9279868129 0.0368181961 0.3707895570
11.2666666667 0.9281178837 0.0367860695 0.3704645450
11.2761904762 0.9282486439 0.0367539861 0.3701399730
11.2857142857 0.9283790943 0.0367219461 0.3698158406
11.2952380952 0.9285092357 0.0366899492 0.3694921472
11.3047619048 0.9286390690 0.0366579956 0.3691688922
11.3142857143 0.9287685949 0.0366260851 0.3688460751
11.3238095238 0.9288978142 0.0365942176 0.3685236953
11.3333333333 0.9290267278 0.0365623932 0.3682017524
11.3428571429 0.9291553364 0.0365306117 0.3678802457
11.3523809524 0.9292836409 0.0364988731 0.3675591748
11.3619047619 0.9294116421 0.0364671774 0.3672385390
11.3714285714 0.9295393407 0.0364355245 0.3669183378
11.3809523810 0.9296667376 0.0364039143 0.3665985707
11.3904761905 0.9297938335 0.0363723468 0.3662792371
11.4000000000 0.9299206293 0.0363408219 0.3659603365
11.4095238095 0.9300471257 0.0363093397 0.3656418683
11.4190476190 0.9301733235 0.0362778999 0.3653238319
11.4285714286 0.9302992236 0.0362465027 0.3650062269
11.4380952381 0.9304248266 0.0362151478 0.3646890526
11.4476190476 0.9305501334 0.0361838354 0.3643723086
11.4571428571 0.9306751448 0.0361525652 0.3640559942
11.4666666667 0.9307998615 0.0361213373 0.3637401089
11.4761904762 0.9309242843 0.0360901516 0.3634246522
11.4857142857 0.9310484140 0.0360590081 0.3631096234
11.4952380952 0.9311722514 0.0360279066 0.3627950222
11.5047619048 0.9312957973 0.0359968472 0.3624808478
11.5142857143 0.9314190523 0.0359658298 0.3621670997
11.5238095238 0.9315420173 0.0359348544 0.3618537775
11.5333333333 0.9316646930 0.0359039208 0.3615408804
11.5428571429 0.9317870803 0.0358730290 0.3612284081
11.5523809524 0.9319091798 0.0358421790 0.3609163599
11.5619047619 0.9320309923 0.0358113707 0.3606047352
11.5714285714 0.9321525187 0.0357806041 0.3602935335
11.5809523810 0.9322737595 0.0357498791 0.3599827543
11.5904761905 0.9323947157 0.0357191957 0.3596723970
11.6000000000 0.9325153879 0.0356885537 0.3593624611
11.6095238095 0.9326357769 0.0356579532 0.3590529459
11.6190476190 0.9327558835 0.0356273941 0.3587438510
11.6285714286 0.9328757083 0.0355968763 0.3584351757
11.6380952381 0.9329952522 0.0355663998 0.3581269195
11.6476190476 0.9331145159 0.0355359645 0.3578190819
11.6571428571 0.9332335001 0.0355055704 0.3575116623
11.6666666667 0.9333522056 0.0354752174 0.3572046602
11.6761904762 0.9334706331 0.0354449055 0.3568980749
11.6857142857 0.9335887833 0.0354146346 0.3565919059
11.6952380952 0.9337066570 0.0353844046 0.3562861527
11.7047619048 0.9338242549 0.0353542155 0.3559808147
11.7142857143 0.9339415777 0.0353240673 0.3556758914
11.7238095238 0.9340586262 0.0352939599 0.3553713822
11.7333333333 0.9341754010 0.0352638932 0.3550672865
11.7428571429 0.9342919030 0.0352338672 0.3547636038
11.7523809524 0.9344081328 0.0352038818 0.3544603334
11.7619047619 0.9345240912 0.0351739369 0.3541574750
11.7714285714 0.9346397789 0.0351440326 0.3538550278
11.7809523810 0.9347551965 0.0351141688 0.3535529914
11.7904761905 0.9348703449 0.0350843453 0.3532513652
11.8000000000 0.9349852246 0.0350545622 0.3529501485
11.8095238095 0.9350998366 0.0350248194 0.3526493410
11.8190476190 0.9352141813 0.0349951169 0.3523489419
11.8285714286 0.9353282596 0.0349654545 0.3520489508
11.8380952381 0.9354420722 0.0349358323 0.3517493671
11.8476190476 0.9355556197 0.0349062501 0.3514501901
11.8571428571 0.9356689029 0.0348767080 0.3511514195
11.8666666667 0.9357819224 0.0348472058 0.3508530545
11.8761904762 0.9358946791 0.0348177435 0.3505550947
11.8857142857 0.9360071734 0.0347883211 0.3502575395
11.8952380952 0.9361194063 0.0347589385 0.3499603883
11.9047619048 0.9362313783 0.0347295956 0.3496636406
11.9142857143 0.9363430901 0.0347002925 0.3493672958
11.9238095238 0.9364545424 0.0346710290 0.3490713533
11.9333333333 0.9365657360 0.0346418050 0.3487758126
11.9428571429 0.9366766715 0.0346126206 0.3484806732
11.9523809524 0.9367873496 0.0345834756 0.3481859344
11.9619047619 0.9368977709 0.0345543701 0.3478915957
11.9714285714 0.9370079362 0.0345253040 0.3475976566
11.9809523810 0.9371178462 0.0344962771 0.3473041164
11.9904761905 0.9372275014 0.0344672895 0.3470109747
12.0000000000 0.9373369026 0.0344383411 0.3467182309
12.0095238095 0.9374460505 0.0344094318 0.3464258843
12.0190476190 0.9375549458 0.0343805617 0.3461339346
12.0285714286 0.9376635890 0.0343517305 0.3458423810
12.0380952381 0.9377719809 0.0343229384 0.3455512231
12.0476190476 0.9378801221 0.0342941851 0.3452604602
12.0571428571 0.9379880134 0.0342654708 0.3449700919
12.0666666667 0.9380956553 0.0342367952 0.3446801175
12.0761904762 0.9382030485 0.0342081585 0.3443905366
12.0857142857 0.9383101937 0.0341795604 0.3441013484
12.0952380952 0.9384170916 0.0341510010 0.3438125526
12.1047619048 0.9385237428 0.0341224801 0.3435241485
12.1142857143 0.9386301479 0.0340939978 0.3432361356
12.1238095238 0.9387363076 0.0340655540 0.3429485133
12.1333333333 0.9388422226 0.0340371487 0.3426612810
12.1428571429 0.9389478935 0.0340087817 0.3423744383
12.1523809524 0.9390533210 0.0339804530 0.3420879845
12.1619047619 0.9391585057 0.0339521626 0.3418019190
12.1714285714 0.9392634482 0.0339239104 0.3415162415
12.1809523810 0.9393681492 0.0338956964 0.3412309511
12.1904761905 0.9394726093 0.0338675205 0.3409460476
12.2000000000 0.9395768293 0.0338393826 0.3406615301
12.2095238095 0.9396808096 0.0338112827 0.3403773983
12.2190476190 0.9397845509 0.0337832208 0.3400936515
12.2285714286 0.9398880540 0.0337551968 0.3398102893
12.2380952381 0.9399913193 0.0337272106 0.3395273109
12.2476190476 0.9400943476 0.0336992621 0.3392447160
12.2571428571 0.9401971395 0.0336713514 0.3389625039
12.2666666667 0.9402996955 0.0336434784 0.3386806740
12.2761904762 0.9404020164 0.0336156430 0.3383992259
12.2857142857 0.9405041027 0.0335878451 0.3381181589
12.2952380952 0.9406059551 0.0335600847 0.3378374726
12.3047619048 0.9407075742 0.0335323618 0.3375571663
12.3142857143 0.9408089606 0.0335046763 0.3372772396
12.3238095238 0.9409101149 0.0334770282 0.3369976918
12.3333333333 0.9410110378 0.0334494173 0.3367185224
12.3428571429 0.9411117298 0.0334218436 0.3364397308
12.3523809524 0.9412121915 0.0333943072 0.3361613165
12.3619047619 0.9413124237 0.0333668078 0.3358832790
12.3714285714 0.9414124268 0.0333393456 0.3356056177
12.3809523810 0.9415122016 0.0333119203 0.3353283320
12.3904761905 0.9416117485 0.0332845321 0.3350514215
12.4000000000 0.9417110682 0.0332571807 0.3347748854
12.4095238095 0.9418101614 0.0332298662 0.3344987234
12.4190476190 0.9419090285 0.0332025885 0.3342229348
12.4285714286 0.9420076703 0.0331753475 0.3339475190
12.4380952381 0.9421060872 0.0331481433 0.3336724757
12.4476190476 0.9422042800 0.0331209756 0.3333978041
12.4571428571 0.9423022491 0.0330938446 0.3331235037
12.4666666667 0.9423999953 0.0330667501 0.3328495741
12.4761904762 0.9424975190 0.0330396921 0.3325760146
12.4857142857 0.9425948208 0.0330126705 0.3323028247
12.4952380952 0.9426919015 0.0329856853 0.3320300039
12.5047619048 0.9427887614 0.0329587363 0.3317575515
12.5142857143 0.9428854013 0.0329318237 0.3314854671
12.5238095238 0.9429818217 0.0329049473 0.3312137502
12.5333333333 0.9430780232 0.0328781070 0.3309424001
12.5428571429 0.9431740064 0.0328513028 0.3306714163
12.5523809524 0.9432697718 0.0328245347 0.3304007983
12.5619047619 0.9433653200 0.0327978026 0.3301305455
12.5714285714 0.9434606517 0.0327711064 0.3298606574
12.5809523810 0.9435557673 0.0327444461 0.3295911335
12.5904761905 0.9436506674 0.0327178216 0.3293219731
12.6000000000 0.9437453527 0.0326912330 0.3290531758
12.6095238095 0.9438398237 0.0326646800 0.3287847410
12.6190476190 0.9439340809 0.0326381628 0.3285166682
12.6285714286 0.9440281249 0.0326116811 0.3282489568
12.6380952381 0.9441219563 0.0325852351 0.3279816063
12.6476190476 0.9442155757 0.0325588245 0.3277146161
12.6571428571 0.9443089835 0.0325324494 0.3274479858
12.6666666667 0.9444021804 0.0325061097 0.3271817146
12.6761904762 0.9444951670 0.0324798054 0.3269158023
12.6857142857 0.9445879437 0.0324535364 0.3266502481
12.6952380952 0.9446805112 0.0324273026 0.3263850515
12.7047619048 0.9447728699 0.0324011041 0.3261202120
12.7142857143 0.9448650205 0.0323749406 0.3258557291
12.7238095238 0.9449569635 0.0323488123 0.3255916023
12.7333333333 0.9450486994 0.0323227190 0.3253278309
12.7428571429 0.9451402288 0.0322966607 0.3250644144
12.7523809524 0.9452315523 0.0322706374 0.3248013524
12.7619047619 0.9453226703 0.0322446489 0.3245386443
12.7714285714 0.9454135834 0.0322186953 0.3242762895
12.7809523810 0.9455042923 0.0321927764 0.3240142875
12.7904761905 0.9455947973 0.0321668922 0.3237526377
12.8000000000 0.9456850990 0.0321410428 0.3234913397
12.8095238095 0.9457751980 0.0321152279 0.3232303930
12.8190476190 0.9458650949 0.0320894476 0.3229697968
12.8285714286 0.9459547900 0.0320637018 0.3227095508
12.8380952381 0.9460442841 0.0320379905 0.3224496545
12.8476190476 0.9461335776 0.0320123136 0.3221901071
12.8571428571 0.9462226710 0.0319866711 0.3219309084
12.8666666667 0.9463115649 0.0319610629 0.3216720576
12.8761904762 0.9464002598 0.0319354889 0.3214135543
12.8857142857 0.9464887561 0.0319099491 0.3211553980
12.8952380952 0.9465770546 0.0318844435 0.3208975880
12.9047619048 0.9466651556 0.0318589719 0.3206401240
12.9142857143 0.9467530597 0.0318335345 0.3203830053
12.9238095238 0.9468407674 0.0318081310 0.3201262314
12.9333333333 0.9469282792 0.0317827614 0.3198698019
12.9428571429 0.9470155956 0.0317574258 0.3196137161
12.9523809524 0.9471027173 0.0317321239 0.3193579735
12.9619047619 0.9471896445 0.0317068559 0.3191025737
12.9714285714 0.9472763780 0.0316816216 0.3188475161
12.9809523810 0.9473629182 0.0316564210 0.3185928001
12.9904761905 0.9474492655 0.0316312540 0.3183384253
13.0000000000 0.9475354206 0.0316061206 0.3180843911
13.0095238095 0.9476213839 0.0315810208 0.3178306970
13.0190476190 0.9477071559 0.0315559544 0.3175773425
13.0285714286 0.9477927371 0.0315309214 0.3173243270
13.0380952381 0.9478781280 0.0315059218 0.3170716500
13.0476190476 0.9479633292 0.0314809555 0.3168193111
13.0571428571 0.9480483411 0.0314560226 0.3165673096
13.0666666667 0.9481331643 0.0314311228 0.3163156451
13.0761904762 0.9482177991 0.0314062562 0.3160643170
13.0857142857 0.9483022462 0.0313814227 0.3158133249
13.0952380952 0.9483865060 0.0313566223 0.3155626681
13.1047619048 0.9484705790 0.0313318549 0.3153123463
13.1142857143 0.9485544656 0.0313071205 0.3150623588
13.1238095238 0.9486381665 0.0312824190 0.3148127051
13.1333333333 0.9487216820 0.0312577503 0.3145633848
13.1428571429 0.9488050127 0.0312331145 0.3143143973
13.1523809524 0.9488881591 0.0312085114 0.3140657421
13.1619047619 0.9489711215 0.0311839411 0.3138174187
13.1714285714 0.9490539006 0.0311594034 0.3135694266
13.1809523810 0.9491364968 0.0311348983 0.3133217652
13.1904761905 0.9492189106 0.0311104258 0.3130744340
13.2000000000 0.9493011424 0.0310859858 0.3128274326
13.2095238095 0.9493831927 0.0310615782 0.3125807604
13.2190476190 0.9494650621 0.0310372031 0.3123344168
13.2285714286 0.9495467509 0.0310128603 0.3120884015
13.2380952381 0.9496282597 0.0309885498 0.3118427139
13.2476190476 0.9497095889 0.0309642716 0.3115973534
13.2571428571 0.9497907390 0.0309400256 0.3113523196
13.2666666667 0.9498717105 0.0309158118 0.3111076119
13.2761904762 0.9499525038 0.0308916301 0.3108632299
13.2857142857 0.9500331194 0.0308674804 0.3106191730
13.2952380952 0.9501135578 0.0308433628 0.3103754407
13.3047619048 0.9501938195 0.0308192771 0.3101320325
13.3142857143 0.9502739048 0.0307952233 0.3098889480
13.3238095238 0.9503538143 0.0307712013 0.3096461866
13.3333333333 0.9504335484 0.0307472112 0.3094037477
13.3428571429 0.9505131076 0.0307232529 0.3091616310
13.3523809524 0.9505924923 0.0306993262 0.3089198358
13.3619047619 0.9506717030 0.0306754313 0.3086783618
13.3714285714 0.9507507402 0.0306515679 0.3084372083
13.3809523810 0.9508296042 0.0306277361 0.3081963749
13.3904761905 0.9509082957 0.0306039358 0.3079558611
13.4000000000 0.9509868149 0.0305801670 0.3077156663
13.4095238095 0.9510651624 0.0305564296 0.3074757902
13.4190476190 0.9511433386 0.0305327236 0.3072362321
13.4285714286 0.9512213439 0.0305090488 0.3069969916
13.4380952381 0.9512991789 0.0304854054 0.3067580681
13.4476190476 0.9513768438 0.0304617932 0.3065194613
13.4571428571 0.9514543393 0.0304382121 0.3062811705
13.4666666667 0.9515316657 0.0304146622 0.3060431954
13.4761904762 0.9516088235 0.0303911433 0.3058055353
13.4857142857 0.9516858131 0.0303676555 0.3055681898
13.4952380952 0.9517626350 0.0303441986 0.3053311584
13.5047619048 0.9518392895 0.0303207727 0.3050944406
13.5142857143 0.9519157772 0.0302973776 0.3048580360
13.5238095238 0.9519920984 0.0302740134 0.3046219439
13.5333333333 0.9520682536 0.0302506799 0.3043861640
13.5428571429 0.9521442433 0.0302273772 0.3041506957
13.5523809524 0.9522200678 0.0302041052 0.3039155385
13.5619047619 0.9522957276 0.0301808638 0.3036806920
13.5714285714 0.9523712231 0.0301576530 0.3034461557
13.5809523810 0.9524465548 0.0301344727 0.3032119290
13.5904761905 0.9525217230 0.0301113230 0.3029780115
13.6000000000 0.9525967282 0.0300882037 0.3027444027
13.6095238095 0.9526715709 0.0300651147 0.3025111021
13.6190476190 0.9527462514 0.0300420562 0.3022781092
13.6285714286 0.9528207702 0.0300190279 0.3020454235
13.6380952381 0.9528951277 0.0299960299 0.3018130446
13.6476190476 0.9529693242 0.0299730620 0.3015809719
13.6571428571 0.9530433603 0.0299501244 0.3013492050
13.6666666667 0.9531172364 0.0299272168 0.3011177434
13.6761904762 0.9531909528 0.0299043394 0.3008865867
13.6857142857 0.9532645100 0.0298814919 0.3006557342
13.6952380952 0.9533379083 0.0298586744 0.3004251856
13.7047619048 0.9534111483 0.0298358868 0.3001949403
13.7142857143 0.9534842303 0.0298131291 0.2999649979
13.7238095238 0.9535571547 0.0297904012 0.2997353579
13.7333333333 0.9536299219 0.0297677031 0.2995060198
13.7428571429 0.9537025324 0.0297450348 0.2992769832
13.7523809524 0.9537749865 0.0297223961 0.2990482475
13.7619047619 0.9538472847 0.0296997870 0.2988198123
13.7714285714 0.9539194273 0.0296772076 0.2985916771
13.7809523810 0.9539914148 0.0296546577 0.2983638414
13.7904761905 0.9540632475 0.0296321372 0.2981363048
13.8000000000 0.9541349259 0.0296096463 0.2979090667
13.8095238095 0.9542064504 0.0295871847 0.2976821267
13.8190476190 0.9542778213 0.0295647525 0.2974554844
13.8285714286 0.9543490391 0.0295423496 0.2972291393
13.8380952381 0.9544201041 0.0295199760 0.2970030908
13.8476190476 0.9544910168 0.0294976316 0.2967773385
13.8571428571 0.9545617775 0.0294753163 0.2965518819
13.8666666667 0.9546323866 0.0294530302 0.2963267206
13.8761904762 0.9547028446 0.0294307732 0.2961018542
13.8857142857 0.9547731518 0.0294085452 0.2958772820
13.8952380952 0.9548433086 0.0293863462 0.2956530037
13.9047619048 0.9549133155 0.0293641761 0.2954290188
13.9142857143 0.9549831726 0.0293420349 0.2952053268
13.9238095238 0.9550528806 0.0293199226 0.2949819272
13.9333333333 0.9551224397 0.0292978391 0.2947588197
13.9428571429 0.9551918504 0.0292757843 0.2945360036
13.9523809524 0.9552611130 0.0292537583 0.2943134786
13.9619047619 0.9553302278 0.0292317609 0.2940912442
13.9714285714 0.9553991954 0.0292097921 0.2938693000
13.9809523810 0.9554680160 0.0291878519 0.2936476453
13.9904761905 0.9555366901 0.0291659402 0.2934262799
14.0000000000 0.9556052180 0.0291440570 0.2932052033
14.0095238095 0.9556736001 0.0291222023 0.2929844149
14.0190476190 0.9557418368 0.0291003759 0.2927639143
14.0285714286 0.9558099284 0.0290785779 0.2925437011
14.0380952381 0.9558778754 0.0290568082 0.2923237748
14.0476190476 0.9559456780 0.0290350668 0.2921041349
14.0571428571 0.9560133367 0.0290133536 0.2918847810
14.0666666667 0.9560808518 0.0289916685 0.2916657126
14.0761904762 0.9561482238 0.0289700116 0.2914469293
14.0857142857 0.9562154529 0.0289483827 0.2912284306
14.0952380952 0.9562825396 0.0289267819 0.2910102160
14.1047619048 0.9563494841 0.0289052090 0.2907922852
14.1142857143 0.9564162870 0.0288836641 0.2905746376
14.1238095238 0.9564829484 0.0288621471 0.2903572728
14.1333333333 0.9565494689 0.0288406580 0.2901401903
14.1428571429 0.9566158487 0.0288191966 0.2899233897
14.1523809524 0.9566820883 0.0287977631 0.2897068705
14.1619047619 0.9567481879 0.0287763572 0.2894906324
14.1714285714 0.9568141480 0.0287549791 0.2892746747
14.1809523810 0.9568799688 0.0287336285 0.2890589972
14.1904761905 0.9569456508 0.0287123056 0.2888435993
14.2000000000 0.9570111944 0.0286910102 0.2886284805
14.2095238095 0.9570765998 0.0286697423 0.2884136406
14.2190476190 0.9571418674 0.0286485018 0.2881990789
14.2285714286 0.9572069976 0.0286272888 0.2879847950
14.2380952381 0.9572719907 0.0286061031 0.2877707886
14.2476190476 0.9573368470 0.0285849448 0.2875570591
14.2571428571 0.9574015671 0.0285638137 0.2873436061
14.2666666667 0.9574661510 0.0285427099 0.2871304292
14.2761904762 0.9575305993 0.0285216333 0.2869175279
14.2857142857 0.9575949123 0.0285005838 0.2867049017
