0.7619047619 0.9351023409 -0.0209891522 -0.3537556609
0.7714285714 0.9339890102 -0.0214273168 -0.3566586589
0.7809523810 0.9328935150 -0.0218592919 -0.3594883322
0.7904761905 0.9318153467 -0.0222849410 -0.3622479001
0.8000000000 0.9307540076 -0.0227041634 -0.3649404039
0.8095238095 0.9297090116 -0.0231168900 -0.3675687189
0.8190476190 0.9286798847 -0.0235230802 -0.3701355649
0.8285714286 0.9276661648 -0.0239227176 -0.3726435163
0.8380952381 0.9266674022 -0.0243158080 -0.3750950109
0.8476190476 0.9256831593 -0.0247023758 -0.3774923591
0.8571428571 0.9247130111 -0.0250824619 -0.3798377511
0.8666666667 0.9237565445 -0.0254561213 -0.3821332652
0.8761904762 0.9228133586 -0.0258234212 -0.3843808737
0.8857142857 0.9218830644 -0.0261844389 -0.3865824501
0.8952380952 0.9209652845 -0.0265392605 -0.3887397746
0.9047619048 0.9200596531 -0.0268879794 -0.3908545399
0.9142857143 0.9191658154 -0.0272306949 -0.3929283561
0.9238095238 0.9182834278 -0.0275675110 -0.3949627559
0.9333333333 0.9174121572 -0.0278985356 -0.3969591988
0.9428571429 0.9165516810 -0.0282238797 -0.3989190753
0.9523809524 0.9157016867 -0.0285436563 -0.4008437109
0.9619047619 0.9148618717 -0.0288579799 -0.4027343700
0.9714285714 0.9140319427 -0.0291669659 -0.4045922588
0.9809523810 0.9132116158 -0.0294707302 -0.4064185290
0.9904761905 0.9124006163 -0.0297693885 -0.4082142806
1.0000000000 0.9115986778 -0.0300630561 -0.4099805644
1.0095238095 0.9108055426 -0.0303518477 -0.4117183854
1.0190476190 0.9100209610 -0.0306358765 -0.4134287044
1.0285714286 0.9092446911 -0.0309152550 -0.4151124410
1.0380952381 0.9084764989 -0.0311900937 -0.4167704752
1.0476190476 0.9077161574 -0.0314605018 -0.4184036500
1.0571428571 0.9069634470 -0.0317265864 -0.4200127730
1.0666666667 0.9062181549 -0.0319884529 -0.4215986180
1.0761904762 0.9054800747 -0.0322462045 -0.4231619271
1.0857142857 0.9047490068 -0.0324999425 -0.4247034123
1.0952380952 0.9040247575 -0.0327497661 -0.4262237565
1.1047619048 0.9033071392 -0.0329957720 -0.4277236155
1.1142857143 0.9025959701 -0.0332380551 -0.4292036189
1.1238095238 0.9018910738 -0.0334767079 -0.4306643717
1.1333333333 0.9011922794 -0.0337118206 -0.4321064552
1.1428571429 0.9004994213 -0.0339434814 -0.4335304283
1.1523809524 0.8998123388 -0.0341717762 -0.4349368284
1.1619047619 0.8991308759 -0.0343967886 -0.4363261727
1.1714285714 0.8984548815 -0.0346186003 -0.4376989587
1.1809523810 0.8977842090 -0.0348372907 -0.4390556654
1.1904761905 0.8971187159 -0.0350529371 -0.4403967542
1.2000000000 0.8964582643 -0.0352656149 -0.4417226695
1.2095238095 0.8958027201 -0.0354753972 -0.4430338394
1.2190476190 0.8951519532 -0.0356823554 -0.4443306767
1.2285714286 0.8945058371 -0.0358865589 -0.4456135795
1.2380952381 0.8938642494 -0.0360880750 -0.4468829316
1.2476190476 0.8932270708 -0.0362869694 -0.4481391033
1.2571428571 0.8925941856 -0.0364833059 -0.4493824521
1.2666666667 0.8919654815 -0.0366771464 -0.4506133229
1.2761904762 0.8913408491 -0.0368685513 -0.4518320491
1.2857142857 0.8907201825 -0.0370575793 -0.4530389523
1.2952380952 0.8901033784 -0.0372442872 -0.4542343436
1.3047619048 0.8894903365 -0.0374287305 -0.4554185233
1.3142857143 0.8888809594 -0.0376109631 -0.4565917820
1.3238095238 0.8882751523 -0.0377910373 -0.4577544006
1.3333333333 0.8876728230 -0.0379690040 -0.4589066506
1.3428571429 0.8870738819 -0.0381449127 -0.4600487949
1.3523809524 0.8864782417 -0.0383188115 -0.4611810877
1.3619047619 0.8858858175 -0.0384907472 -0.4623037753
1.3714285714 0.8852965269 -0.0386607652 -0.4634170959
1.3809523810 0.8847102893 -0.0388289097 -0.4645212802
1.3904761905 0.8841270266 -0.0389952238 -0.4656165518
1.4000000000 0.8835466627 -0.0391597492 -0.4667031272
1.4095238095 0.8829691233 -0.0393225266 -0.4677812162
1.4190476190 0.8823943362 -0.0394835954 -0.4688510223
1.4285714286 0.8818222312 -0.0396429942 -0.4699127425
1.4380952381 0.8812527397 -0.0398007604 -0.4709665682
1.4476190476 0.8806857949 -0.0399569302 -0.4720126846
1.4571428571 0.8801213318 -0.0401115392 -0.4730512718
1.4666666667 0.8795592871 -0.0402646217 -0.4740825041
1.4761904762 0.8789995989 -0.0404162112 -0.4751065512
1.4857142857 0.8784422071 -0.0405663404 -0.4761235772
1.4952380952 0.8778870529 -0.0407150409 -0.4771337420
1.5047619048 0.8773340792 -0.0408623436 -0.4781372004
1.5142857143 0.8767832300 -0.0410082786 -0.4791341031
1.5238095238 0.8762344509 -0.0411528751 -0.4801245962
1.5333333333 0.8756876889 -0.0412961617 -0.4811088220
1.5428571429 0.8751428920 -0.0414381660 -0.4820869184
1.5523809524 0.8746000099 -0.0415789151 -0.4830590197
1.5619047619 0.8740589930 -0.0417184353 -0.4840252564
1.5714285714 0.8735197934 -0.0418567521 -0.4849857554
1.5809523810 0.8729823639 -0.0419938905 -0.4859406399
1.5904761905 0.8724466587 -0.0421298749 -0.4868900300
1.6000000000 0.8719126331 -0.0422647289 -0.4878340424
1.6095238095 0.8713802432 -0.0423984757 -0.4887727907
1.6190476190 0.8708494465 -0.0425311376 -0.4897063854
1.6285714286 0.8703202010 -0.0426627366 -0.4906349341
1.6380952381 0.8697924662 -0.0427932940 -0.4915585414
1.6476190476 0.8692662022 -0.0429228308 -0.4924773094
1.6571428571 0.8687413701 -0.0430513672 -0.4933913372
1.6666666667 0.8682179319 -0.0431789229 -0.4943007215
1.6761904762 0.8676958505 -0.0433055174 -0.4952055565
1.6857142857 0.8671750896 -0.0434311693 -0.4961059338
1.6952380952 0.8666556136 -0.0435558972 -0.4970019429
1.7047619048 0.8661373879 -0.0436797189 -0.4978936709
1.7142857143 0.8656203786 -0.0438026518 -0.4987812025
1.7238095238 0.8651045524 -0.0439247131 -0.4996646204
1.7333333333 0.8645898771 -0.0440459193 -0.5005440054
1.7428571429 0.8640763209 -0.0441662867 -0.5014194360
1.7523809524 0.8635638527 -0.0442858311 -0.5022909889
1.7619047619 0.8630524422 -0.0444045681 -0.5031587388
1.7714285714 0.8625420597 -0.0445225127 -0.5040227586
1.7809523810 0.8620326761 -0.0446396795 -0.5048831194
1.7904761905 0.8615242631 -0.0447560832 -0.5057398907
1.8000000000 0.8610167929 -0.0448717376 -0.5065931401
1.8095238095 0.8605102381 -0.0449866565 -0.5074429336
1.8190476190 0.8600045722 -0.0451008533 -0.5082893358
1.8285714286 0.8594997690 -0.0452143412 -0.5091324095
1.8380952381 0.8589958031 -0.0453271328 -0.5099722162
1.8476190476 0.8584926494 -0.0454392407 -0.5108088158
1.8571428571 0.8579902835 -0.0455506771 -0.5116422668
1.8666666667 0.8574886814 -0.0456614540 -0.5124726265
1.8761904762 0.8569878195 -0.0457715829 -0.5132999507
1.8857142857 0.8564876750 -0.0458810754 -0.5141242938
1.8952380952 0.8559882253 -0.0459899424 -0.5149457091
1.9047619048 0.8554894483 -0.0460981950 -0.5157642487
1.9142857143 0.8549913225 -0.0462058438 -0.5165799633
1.9238095238 0.8544938265 -0.0463128991 -0.5173929027
1.9333333333 0.8539969398 -0.0464193711 -0.5182031154
1.9428571429 0.8535006420 -0.0465252699 -0.5190106487
1.9523809524 0.8530049131 -0.0466306050 -0.5198155490
1.9619047619 0.8525097336 -0.0467353862 -0.5206178616
1.9714285714 0.8520150844 -0.0468396226 -0.5214176308
1.9809523810 0.8515209467 -0.0469433233 -0.5222149000
1.9904761905 0.8510273022 -0.0470464974 -0.5230097113
2.0000000000 0.8505341327 -0.0471491535 -0.5238021061
2.0095238095 0.8500414207 -0.0472513001 -0.5245921250
2.0190476190 0.8495491489 -0.0473529456 -0.5253798076
2.0285714286 0.8490573001 -0.0474540981 -0.5261651924
2.0380952381 0.8485658578 -0.0475547658 -0.5269483174
2.0476190476 0.8480748057 -0.0476549563 -0.5277292195
2.0571428571 0.8475841276 -0.0477546774 -0.5285079350
2.0666666667 0.8470938080 -0.0478539365 -0.5292844994
2.0761904762 0.8466038313 -0.0479527411 -0.5300589472
2.0857142857 0.8461141824 -0.0480510982 -0.5308313124
2.0952380952 0.8456248466 -0.0481490150 -0.5316016282
2.1047619048 0.8451358093 -0.0482464984 -0.5323699271
2.1142857143 0.8446470562 -0.0483435550 -0.5331362407
2.1238095238 0.8441585732 -0.0484401916 -0.5339006004
2.1333333333 0.8436703468 -0.0485364146 -0.5346630363
2.1428571429 0.8431823633 -0.0486322303 -0.5354235785
2.1523809524 0.8426946096 -0.0487276450 -0.5361822559
2.1619047619 0.8422070726 -0.0488226648 -0.5369390973
2.1714285714 0.8417197397 -0.0489172955 -0.5376941305
2.1809523810 0.8412325983 -0.0490115432 -0.5384473829
2.1904761905 0.8407456362 -0.0491054135 -0.5391988812
2.2000000000 0.8402588413 -0.0491989121 -0.5399486518
2.2095238095 0.8397722018 -0.0492920444 -0.5406967203
2.2190476190 0.8392857061 -0.0493848158 -0.5414431119
2.2285714286 0.8387993429 -0.0494772317 -0.5421878512
2.2380952381 0.8383131008 -0.0495692972 -0.5429309622
2.2476190476 0.8378269691 -0.0496610174 -0.5436724687
2.2571428571 0.8373409368 -0.0497523973 -0.5444123938
2.2666666667 0.8368549934 -0.0498434417 -0.5451507602
2.2761904762 0.8363691286 -0.0499341556 -0.5458875899
2.2857142857 0.8358833321 -0.0500245435 -0.5466229048
2.2952380952 0.8353975940 -0.0501146101 -0.5473567263
2.3047619048 0.8349119044 -0.0502043599 -0.5480890750
2.3142857143 0.8344262536 -0.0502937973 -0.5488199716
2.3238095238 0.8339406323 -0.0503829267 -0.5495494359
2.3333333333 0.8334550311 -0.0504717524 -0.5502774877
2.3428571429 0.8329694408 -0.0505602784 -0.5510041460
2.3523809524 0.8324838525 -0.0506485090 -0.5517294299
2.3619047619 0.8319982575 -0.0507364481 -0.5524533577
2.3714285714 0.8315126470 -0.0508240997 -0.5531759474
2.3809523810 0.8310270125 -0.0509114677 -0.5538972169
2.3904761905 0.8305413459 -0.0509985559 -0.5546171834
2.4000000000 0.8300556387 -0.0510853680 -0.5553358640
2.4095238095 0.8295698831 -0.0511719076 -0.5560532752
2.4190476190 0.8290840711 -0.0512581783 -0.5567694336
2.4285714286 0.8285981950 -0.0513441838 -0.5574843549
2.4380952381 0.8281122472 -0.0514299274 -0.5581980550
2.4476190476 0.8276262201 -0.0515154124 -0.5589105492
2.4571428571 0.8271401066 -0.0516006424 -0.5596218525
2.4666666667 0.8266538992 -0.0516856205 -0.5603319797
2.4761904762 0.8261675911 -0.0517703499 -0.5610409453
2.4857142857 0.8256811752 -0.0518548338 -0.5617487634
2.4952380952 0.8251946447 -0.0519390753 -0.5624554478
2.5047619048 0.8247079930 -0.0520230773 -0.5631610123
2.5142857143 0.8242212133 -0.0521068430 -0.5638654701
2.5238095238 0.8237342994 -0.0521903752 -0.5645688344
2.5333333333 0.8232472448 -0.0522736768 -0.5652711178
2.5428571429 0.8227600434 -0.0523567506 -0.5659723330
2.5523809524 0.8222726889 -0.0524395994 -0.5666724922
2.5619047619 0.8217851755 -0.0525222259 -0.5673716076
2.5714285714 0.8212974972 -0.0526046327 -0.5680696908
2.5809523810 0.8208096483 -0.0526868226 -0.5687667536
2.5904761905 0.8203216230 -0.0527687980 -0.5694628072
2.6000000000 0.8198334159 -0.0528505615 -0.5701578627
2.6095238095 0.8193450213 -0.0529321156 -0.5708519310
2.6190476190 0.8188564341 -0.0530134627 -0.5715450229
2.6285714286 0.8183676488 -0.0530946052 -0.5722371486
2.6380952381 0.8178786604 -0.0531755455 -0.5729283186
2.6476190476 0.8173894637 -0.0532562859 -0.5736185428
2.6571428571 0.8169000538 -0.0533368286 -0.5743078310
2.6666666667 0.8164104258 -0.0534171759 -0.5749961930
2.6761904762 0.8159205749 -0.0534973299 -0.5756836380
2.6857142857 0.8154304965 -0.0535772929 -0.5763701754
2.6952380952 0.8149401858 -0.0536570669 -0.5770558143
2.7047619048 0.8144496383 -0.0537366539 -0.5777405635
2.7142857143 0.8139588497 -0.0538160562 -0.5784244316
2.7238095238 0.8134678155 -0.0538952755 -0.5791074273
2.7333333333 0.8129765316 -0.0539743140 -0.5797895588
2.7428571429 0.8124849936 -0.0540531736 -0.5804708343
2.7523809524 0.8119931976 -0.0541318560 -0.5811512619
2.7619047619 0.8115011395 -0.0542103633 -0.5818308493
2.7714285714 0.8110088152 -0.0542886972 -0.5825096042
2.7809523810 0.8105162211 -0.0543668596 -0.5831875341
2.7904761905 0.8100233532 -0.0544448521 -0.5838646465
2.8000000000 0.8095302078 -0.0545226766 -0.5845409484
2.8095238095 0.8090367814 -0.0546003348 -0.5852164470
2.8190476190 0.8085430703 -0.0546778283 -0.5858911491
2.8285714286 0.8080490711 -0.0547551588 -0.5865650614
2.8380952381 0.8075547803 -0.0548323278 -0.5872381908
2.8476190476 0.8070601945 -0.0549093371 -0.5879105434
2.8571428571 0.8065653106 -0.0549861881 -0.5885821258
2.8666666667 0.8060701252 -0.0550628825 -0.5892529442
2.8761904762 0.8055746353 -0.0551394216 -0.5899230045
2.8857142857 0.8050788377 -0.0552158070 -0.5905923127
2.8952380952 0.8045827294 -0.0552920401 -0.5912608746
2.9047619048 0.8040863075 -0.0553681225 -0.5919286960
2.9142857143 0.8035895691 -0.0554440554 -0.5925957823
2.9238095238 0.8030925114 -0.0555198402 -0.5932621390
2.9333333333 0.8025951315 -0.0555954784 -0.5939277714
2.9428571429 0.8020974269 -0.0556709713 -0.5945926847
2.9523809524 0.8015993949 -0.0557463201 -0.5952568839
2.9619047619 0.8011010329 -0.0558215262 -0.5959203741
2.9714285714 0.8006023384 -0.0558965908 -0.5965831601
2.9809523810 0.8001033089 -0.0559715152 -0.5972452466
2.9904761905 0.7996039420 -0.0560463005 -0.5979066383
3.0000000000 0.7991042354 -0.0561209481 -0.5985673397
3.0095238095 0.7986041868 -0.0561954590 -0.5992273552
3.0190476190 0.7981037940 -0.0562698345 -0.5998866891
3.0285714286 0.7976030547 -0.0563440756 -0.6005453457
3.0380952381 0.7971019669 -0.0564181836 -0.6012033291
3.0476190476 0.7966005285 -0.0564921594 -0.6018606432
3.0571428571 0.7960987375 -0.0565660042 -0.6025172921
3.0666666667 0.7955965919 -0.0566397191 -0.6031732795
3.0761904762 0.7950940899 -0.0567133050 -0.6038286092
3.0857142857 0.7945912294 -0.0567867631 -0.6044832848
3.0952380952 0.7940880089 -0.0568600942 -0.6051373099
3.1047619048 0.7935844264 -0.0569332995 -0.6057906880
3.1142857143 0.7930804802 -0.0570063798 -0.6064434224
3.1238095238 0.7925761688 -0.0570793362 -0.6070955164
3.1333333333 0.7920714905 -0.0571521695 -0.6077469732
3.1428571429 0.7915664438 -0.0572248807 -0.6083977960
3.1523809524 0.7910610270 -0.0572974708 -0.6090479878
3.1619047619 0.7905552388 -0.0573699405 -0.6096975515
3.1714285714 0.7900490778 -0.0574422908 -0.6103464901
3.1809523810 0.7895425424 -0.0575145224 -0.6109948063
3.1904761905 0.7890356315 -0.0575866364 -0.6116425030
3.2000000000 0.7885283438 -0.0576586334 -0.6122895827
3.2095238095 0.7880206779 -0.0577305144 -0.6129360480
3.2190476190 0.7875126327 -0.0578022801 -0.6135819014
3.2285714286 0.7870042071 -0.0578739312 -0.6142271454
3.2380952381 0.7864953998 -0.0579454686 -0.6148717823
3.2476190476 0.7859862100 -0.0580168930 -0.6155158145
3.2571428571 0.7854766364 -0.0580882052 -0.6161592441
3.2666666667 0.7849666781 -0.0581594059 -0.6168020734
3.2761904762 0.7844563343 -0.0582304957 -0.6174443044
3.2857142857 0.7839456039 -0.0583014755 -0.6180859391
3.2952380952 0.7834344861 -0.0583723459 -0.6187269795
3.3047619048 0.7829229801 -0.0584431076 -0.6193674276
3.3142857143 0.7824110851 -0.0585137612 -0.6200072851
3.3238095238 0.7818988004 -0.0585843074 -0.6206465539
3.3333333333 0.7813861252 -0.0586547468 -0.6212852356
3.3428571429 0.7808730589 -0.0587250801 -0.6219233320
3.3523809524 0.7803596008 -0.0587953080 -0.6225608446
3.3619047619 0.7798457503 -0.0588654309 -0.6231977750
3.3714285714 0.7793315069 -0.0589354495 -0.6238341247
3.3809523810 0.7788168701 -0.0590053643 -0.6244698950
3.3904761905 0.7783018394 -0.0590751761 -0.6251050875
3.4000000000 0.7777864142 -0.0591448852 -0.6257397034
3.4095238095 0.7772705943 -0.0592144924 -0.6263737439
3.4190476190 0.7767543793 -0.0592839980 -0.6270072104
3.4285714286 0.7762377687 -0.0593534027 -0.6276401039
3.4380952381 0.7757207623 -0.0594227069 -0.6282724257
3.4476190476 0.7752033598 -0.0594919113 -0.6289041767
3.4571428571 0.7746855609 -0.0595610162 -0.6295353581
3.4666666667 0.7741673655 -0.0596300222 -0.6301659707
3.4761904762 0.7736487734 -0.0596989297 -0.6307960155
3.4857142857 0.7731297845 -0.0597677393 -0.6314254934
3.4952380952 0.7726103985 -0.0598364514 -0.6320544052
3.5047619048 0.7720906156 -0.0599050664 -0.6326827518
3.5142857143 0.7715704355 -0.0599735849 -0.6333105338
3.5238095238 0.7710498583 -0.0600420071 -0.6339377519
3.5333333333 0.7705288841 -0.0601103337 -0.6345644069
3.5428571429 0.7700075129 -0.0601785649 -0.6351904994
3.5523809524 0.7694857446 -0.0602467013 -0.6358160298
3.5619047619 0.7689635796 -0.0603147432 -0.6364409988
3.5714285714 0.7684410179 -0.0603826909 -0.6370654069
3.5809523810 0.7679180596 -0.0604505450 -0.6376892545
3.5904761905 0.7673947051 -0.0605183058 -0.6383125420
3.6000000000 0.7668709544 -0.0605859736 -0.6389352699
3.6095238095 0.7663468079 -0.0606535488 -0.6395574384
3.6190476190 0.7658222659 -0.0607210318 -0.6401790478
3.6285714286 0.7652973287 -0.0607884229 -0.6408000985
3.6380952381 0.7647719967 -0.0608557225 -0.6414205907
3.6476190476 0.7642462701 -0.0609229309 -0.6420405245
3.6571428571 0.7637201495 -0.0609900485 -0.6426599002
3.6666666667 0.7631936352 -0.0610570755 -0.6432787178
3.6761904762 0.7626667277 -0.0611240123 -0.6438969775
3.6857142857 0.7621394275 -0.0611908591 -0.6445146793
3.6952380952 0.7616117351 -0.0612576164 -0.6451318232
3.7047619048 0.7610836511 -0.0613242843 -0.6457484094
3.7142857143 0.7605551760 -0.0613908632 -0.6463644376
3.7238095238 0.7600263104 -0.0614573534 -0.6469799079
3.7333333333 0.7594970549 -0.0615237551 -0.6475948202
3.7428571429 0.7589674102 -0.0615900686 -0.6482091744
3.7523809524 0.7584373769 -0.0616562942 -0.6488229702
3.7619047619 0.7579069558 -0.0617224321 -0.6494362076
3.7714285714 0.7573761475 -0.0617884826 -0.6500488863
3.7809523810 0.7568449529 -0.0618544459 -0.6506610061
3.7904761905 0.7563133726 -0.0619203223 -0.6512725666
3.8000000000 0.7557814075 -0.0619861120 -0.6518835678
3.8095238095 0.7552490584 -0.0620518152 -0.6524940091
3.8190476190 0.7547163262 -0.0621174322 -0.6531038903
3.8285714286 0.7541832117 -0.0621829632 -0.6537132111
3.8380952381 0.7536497157 -0.0622484084 -0.6543219709
3.8476190476 0.7531158393 -0.0623137679 -0.6549301695
3.8571428571 0.7525815833 -0.0623790421 -0.6555378064
3.8666666667 0.7520469488 -0.0624442312 -0.6561448810
3.8761904762 0.7515119366 -0.0625093352 -0.6567513930
3.8857142857 0.7509765479 -0.0625743544 -0.6573573417
3.8952380952 0.7504407836 -0.0626392890 -0.6579627268
3.9047619048 0.7499046447 -0.0627041391 -0.6585675476
3.9142857143 0.7493681325 -0.0627689050 -0.6591718035
3.9238095238 0.7488312479 -0.0628335868 -0.6597754941
3.9333333333 0.7482939921 -0.0628981847 -0.6603786185
3.9428571429 0.7477563662 -0.0629626988 -0.6609811763
3.9523809524 0.7472183714 -0.0630271293 -0.6615831667
3.9619047619 0.7466800088 -0.0630914763 -0.6621845891
3.9714285714 0.7461412797 -0.0631557400 -0.6627854428
3.9809523810 0.7456021853 -0.0632199206 -0.6633857271
3.9904761905 0.7450627268 -0.0632840182 -0.6639854412
4.0000000000 0.7445229056 -0.0633480329 -0.6645845844
4.0095238095 0.7439827228 -0.0634119648 -0.6651831560
4.0190476190 0.7434421797 -0.0634758142 -0.6657811550
4.0285714286 0.7429012778 -0.0635395810 -0.6663785809
4.0380952381 0.7423600184 -0.0636032655 -0.6669754326
4.0476190476 0.7418184027 -0.0636668677 -0.6675717095
4.0571428571 0.7412764323 -0.0637303878 -0.6681674106
4.0666666667 0.7407341085 -0.0637938259 -0.6687625351
4.0761904762 0.7401914327 -0.0638571820 -0.6693570820
4.0857142857 0.7396484064 -0.0639204563 -0.6699510506
4.0952380952 0.7391050310 -0.0639836490 -0.6705444399
4.1047619048 0.7385613079 -0.0640467600 -0.6711372490
4.1142857143 0.7380172388 -0.0641097894 -0.6717294769
4.1238095238 0.7374728251 -0.0641727375 -0.6723211226
4.1333333333 0.7369280684 -0.0642356042 -0.6729121853
4.1428571429 0.7363829701 -0.0642983897 -0.6735026640
4.1523809524 0.7358375320 -0.0643610940 -0.6740925576
4.1619047619 0.7352917554 -0.0644237171 -0.6746818651
4.1714285714 0.7347456421 -0.0644862593 -0.6752705856
4.1809523810 0.7341991937 -0.0645487205 -0.6758587180
4.1904761905 0.7336524118 -0.0646111009 -0.6764462612
4.2000000000 0.7331052980 -0.0646734004 -0.6770332143
4.2095238095 0.7325578541 -0.0647356191 -0.6776195762
4.2190476190 0.7320100817 -0.0647977572 -0.6782053458
4.2285714286 0.7314619825 -0.0648598147 -0.6787905219
4.2380952381 0.7309135582 -0.0649217916 -0.6793751036
4.2476190476 0.7303648106 -0.0649836880 -0.6799590897
4.2571428571 0.7298157415 -0.0650455039 -0.6805424792
4.2666666667 0.7292663525 -0.0651072394 -0.6811252708
4.2761904762 0.7287166455 -0.0651688945 -0.6817074635
4.2857142857 0.7281666223 -0.0652304693 -0.6822890561
4.2952380952 0.7276162846 -0.0652919638 -0.6828700475
4.3047619048 0.7270656344 -0.0653533780 -0.6834504366
4.3142857143 0.7265146734 -0.0654147121 -0.6840302221
4.3238095238 0.7259634036 -0.0654759659 -0.6846094029
4.3333333333 0.7254118267 -0.0655371397 -0.6851879778
4.3428571429 0.7248599447 -0.0655982333 -0.6857659457
4.3523809524 0.7243077595 -0.0656592468 -0.6863433053
4.3619047619 0.7237552730 -0.0657201803 -0.6869200555
4.3714285714 0.7232024871 -0.0657810337 -0.6874961951
4.3809523810 0.7226494038 -0.0658418072 -0.6880717227
4.3904761905 0.7220960250 -0.0659025006 -0.6886466373
4.4000000000 0.7215423527 -0.0659631141 -0.6892209376
4.4095238095 0.7209883889 -0.0660236476 -0.6897946224
4.4190476190 0.7204341355 -0.0660841011 -0.6903676904
4.4285714286 0.7198795947 -0.0661444748 -0.6909401404
4.4380952381 0.7193247684 -0.0662047685 -0.6915119712
4.4476190476 0.7187696586 -0.0662649823 -0.6920831814
4.4571428571 0.7182142674 -0.0663251163 -0.6926537700
4.4666666667 0.7176585969 -0.0663851703 -0.6932237355
4.4761904762 0.7171026491 -0.0664451444 -0.6937930768
4.4857142857 0.7165464262 -0.0665050387 -0.6943617926
4.4952380952 0.7159899302 -0.0665648530 -0.6949298815
4.5047619048 0.7154331632 -0.0666245875 -0.6954973424
4.5142857143 0.7148761274 -0.0666842421 -0.6960641740
4.5238095238 0.7143188249 -0.0667438168 -0.6966303750
4.5333333333 0.7137612578 -0.0668033117 -0.6971959440
4.5428571429 0.7132034284 -0.0668627266 -0.6977608799
4.5523809524 0.7126453387 -0.0669220616 -0.6983251813
4.5619047619 0.7120869910 -0.0669813167 -0.6988888470
4.5714285714 0.7115283875 -0.0670404919 -0.6994518756
4.5809523810 0.7109695302 -0.0670995871 -0.7000142659
4.5904761905 0.7104104216 -0.0671586024 -0.7005760166
4.6000000000 0.7098510638 -0.0672175378 -0.7011371263
4.6095238095 0.7092914589 -0.0672763932 -0.7016975938
4.6190476190 0.7087316094 -0.0673351685 -0.7022574178
4.6285714286 0.7081715174 -0.0673938639 -0.7028165970
4.6380952381 0.7076111852 -0.0674524793 -0.7033751301
4.6476190476 0.7070506150 -0.0675110146 -0.7039330158
4.6571428571 0.7064898092 -0.0675694698 -0.7044902527
4.6666666667 0.7059287701 -0.0676278450 -0.7050468397
4.6761904762 0.7053674999 -0.0676861400 -0.7056027753
4.6857142857 0.7048060010 -0.0677443549 -0.7061580583
4.6952380952 0.7042442757 -0.0678024897 -0.7067126874
4.7047619048 0.7036823264 -0.0678605443 -0.7072666612
4.7142857143 0.7031201553 -0.0679185187 -0.7078199786
4.7238095238 0.7025577648 -0.0679764129 -0.7083726381
4.7333333333 0.7019951573 -0.0680342268 -0.7089246385
4.7428571429 0.7014323352 -0.0680919604 -0.7094759785
4.7523809524 0.7008693008 -0.0681496138 -0.7100266568
4.7619047619 0.7003060565 -0.0682071867 -0.7105766721
4.7714285714 0.6997426047 -0.0682646794 -0.7111260231
4.7809523810 0.6991789478 -0.0683220916 -0.7116747085
4.7904761905 0.6986150883 -0.0683794234 -0.7122227270
4.8000000000 0.6980510285 -0.0684366747 -0.7127700774
4.8095238095 0.6974867708 -0.0684938455 -0.7133167583
4.8190476190 0.6969223178 -0.0685509358 -0.7138627685
4.8285714286 0.6963576718 -0.0686079455 -0.7144081066
4.8380952381 0.6957928352 -0.0686648746 -0.7149527715
4.8476190476 0.6952278107 -0.0687217231 -0.7154967617
4.8571428571 0.6946626005 -0.0687784909 -0.7160400762
4.8666666667 0.6940972072 -0.0688351781 -0.7165827135
4.8761904762 0.6935316332 -0.0688917844 -0.7171246724
4.8857142857 0.6929658811 -0.0689483100 -0.7176659517
4.8952380952 0.6923999533 -0.0690047548 -0.7182065500
4.9047619048 0.6918338523 -0.0690611188 -0.7187464662
4.9142857143 0.6912675806 -0.0691174018 -0.7192856990
4.9238095238 0.6907011408 -0.0691736039 -0.7198242471
4.9333333333 0.6901345353 -0.0692297251 -0.7203621092
4.9428571429 0.6895677666 -0.0692857652 -0.7208992842
4.9523809524 0.6890008374 -0.0693417243 -0.7214357708
4.9619047619 0.6884337500 -0.0693976023 -0.7219715677
4.9714285714 0.6878665072 -0.0694533992 -0.7225066738
4.9809523810 0.6872991113 -0.0695091149 -0.7230410877
4.9904761905 0.6867315650 -0.0695647494 -0.7235748083
5.0000000000 0.6861638708 -0.0696203027 -0.7241078344
5.0095238095 0.6855960312 -0.0696757747 -0.7246401647
5.0190476190 0.6850280489 -0.0697311653 -0.7251717981
5.0285714286 0.6844599264 -0.0697864746 -0.7257027333
5.0380952381 0.6838916663 -0.0698417025 -0.7262329691
5.0476190476 0.6833232710 -0.0698968489 -0.7267625044
5.0571428571 0.6827547434 -0.0699519138 -0.7272913379
5.0666666667 0.6821860858 -0.0700068972 -0.7278194684
5.0761904762 0.6816173010 -0.0700617990 -0.7283468949
5.0857142857 0.6810483914 -0.0701166192 -0.7288736161
5.0952380952 0.6804793598 -0.0701713578 -0.7293996308
5.1047619048 0.6799102087 -0.0702260146 -0.7299249379
5.1142857143 0.6793409407 -0.0702805897 -0.7304495363
5.1238095238 0.6787715584 -0.0703350830 -0.7309734247
5.1333333333 0.6782020645 -0.0703894945 -0.7314966021
5.1428571429 0.6776324615 -0.0704438241 -0.7320190672
5.1523809524 0.6770627521 -0.0704980718 -0.7325408191
5.1619047619 0.6764929389 -0.0705522375 -0.7330618564
5.1714285714 0.6759230246 -0.0706063212 -0.7335821783
5.1809523810 0.6753530117 -0.0706603229 -0.7341017834
5.1904761905 0.6747829029 -0.0707142426 -0.7346206707
5.2000000000 0.6742127008 -0.0707680801 -0.7351388392
5.2095238095 0.6736424082 -0.0708218354 -0.7356562876
5.2190476190 0.6730720275 -0.0708755086 -0.7361730150
5.2285714286 0.6725015615 -0.0709290995 -0.7366890203
5.2380952381 0.6719310128 -0.0709826081 -0.7372043023
5.2476190476 0.6713603841 -0.0710360344 -0.7377188601
5.2571428571 0.6707896779 -0.0710893784 -0.7382326925
5.2666666667 0.6702188971 -0.0711426399 -0.7387457985
5.2761904762 0.6696480441 -0.0711958190 -0.7392581771
5.2857142857 0.6690771217 -0.0712489156 -0.7397698272
5.2952380952 0.6685061326 -0.0713019297 -0.7402807478
5.3047619048 0.6679350793 -0.0713548612 -0.7407909379
5.3142857143 0.6673639646 -0.0714077101 -0.7413003964
5.3238095238 0.6667927911 -0.0714604764 -0.7418091224
5.3333333333 0.6662215615 -0.0715131600 -0.7423171149
5.3428571429 0.6656502784 -0.0715657609 -0.7428243728
5.3523809524 0.6650789445 -0.0716182790 -0.7433308952
5.3619047619 0.6645075625 -0.0716707143 -0.7438366811
5.3714285714 0.6639361350 -0.0717230668 -0.7443417295
5.3809523810 0.6633646648 -0.0717753365 -0.7448460395
5.3904761905 0.6627931544 -0.0718275232 -0.7453496102
5.4000000000 0.6622216066 -0.0718796270 -0.7458524405
5.4095238095 0.6616500240 -0.0719316478 -0.7463545296
5.4190476190 0.6610784092 -0.0719835856 -0.7468558765
5.4285714286 0.6605067651 -0.0720354404 -0.7473564803
5.4380952381 0.6599350942 -0.0720872120 -0.7478563401
5.4476190476 0.6593633991 -0.0721389006 -0.7483554549
5.4571428571 0.6587916827 -0.0721905060 -0.7488538240
5.4666666667 0.6582199475 -0.0722420283 -0.7493514463
5.4761904762 0.6576481961 -0.0722934673 -0.7498483211
5.4857142857 0.6570764314 -0.0723448230 -0.7503444475
5.4952380952 0.6565046559 -0.0723960955 -0.7508398245
5.5047619048 0.6559328724 -0.0724472847 -0.7513344514
5.5142857143 0.6553610834 -0.0724983906 -0.7518283273
5.5238095238 0.6547892917 -0.0725494130 -0.7523214514
5.5333333333 0.6542174999 -0.0726003521 -0.7528138228
5.5428571429 0.6536457106 -0.0726512077 -0.7533054407
5.5523809524 0.6530739266 -0.0727019799 -0.7537963044
5.5619047619 0.6525021506 -0.0727526685 -0.7542864129
5.5714285714 0.6519303851 -0.0728032737 -0.7547757656
5.5809523810 0.6513586328 -0.0728537953 -0.7552643617
5.5904761905 0.6507868964 -0.0729042333 -0.7557522003
5.6000000000 0.6502151785 -0.0729545878 -0.7562392807
5.6095238095 0.6496434819 -0.0730048586 -0.7567256022
5.6190476190 0.6490718091 -0.0730550457 -0.7572111640
5.6285714286 0.6485001628 -0.0731051492 -0.7576959654
5.6380952381 0.6479285456 -0.0731551690 -0.7581800057
5.6476190476 0.6473569603 -0.0732051050 -0.7586632840
5.6571428571 0.6467854094 -0.0732549573 -0.7591457998
5.6666666667 0.6462138956 -0.0733047259 -0.7596275523
5.6761904762 0.6456424215 -0.0733544106 -0.7601085409
5.6857142857 0.6450709898 -0.0734040115 -0.7605887648
5.6952380952 0.6444996031 -0.0734535286 -0.7610682234
5.7047619048 0.6439282641 -0.0735029618 -0.7615469160
5.7142857143 0.6433569753 -0.0735523111 -0.7620248420
5.7238095238 0.6427857394 -0.0736015766 -0.7625020007
5.7333333333 0.6422145590 -0.0736507581 -0.7629783916
5.7428571429 0.6416434368 -0.0736998557 -0.7634540139
5.7523809524 0.6410723753 -0.0737488694 -0.7639288670
5.7619047619 0.6405013773 -0.0737977991 -0.7644029504
5.7714285714 0.6399304452 -0.0738466448 -0.7648762635
5.7809523810 0.6393595817 -0.0738954065 -0.7653488056
5.7904761905 0.6387887894 -0.0739440841 -0.7658205762
5.8000000000 0.6382180710 -0.0739926778 -0.7662915747
5.8095238095 0.6376474289 -0.0740411874 -0.7667618007
5.8190476190 0.6370768659 -0.0740896130 -0.7672312534
5.8285714286 0.6365063844 -0.0741379545 -0.7676999324
5.8380952381 0.6359359872 -0.0741862119 -0.7681678372
5.8476190476 0.6353656767 -0.0742343852 -0.7686349673
5.8571428571 0.6347954556 -0.0742824745 -0.7691013220
5.8666666667 0.6342253264 -0.0743304796 -0.7695669010
5.8761904762 0.6336552917 -0.0743784006 -0.7700317037
5.8857142857 0.6330853541 -0.0744262375 -0.7704957297
5.8952380952 0.6325155162 -0.0744739902 -0.7709589785
5.9047619048 0.6319457804 -0.0745216589 -0.7714214497
5.9142857143 0.6313761494 -0.0745692433 -0.7718831427
5.9238095238 0.6308066257 -0.0746167437 -0.7723440571
5.9333333333 0.6302372118 -0.0746641598 -0.7728041926
5.9428571429 0.6296679103 -0.0747114918 -0.7732635486
5.9523809524 0.6290987238 -0.0747587397 -0.7737221249
5.9619047619 0.6285296548 -0.0748059034 -0.7741799209
5.9714285714 0.6279607057 -0.0748529829 -0.7746369363
5.9809523810 0.6273918791 -0.0748999782 -0.7750931707
5.9904761905 0.6268231776 -0.0749468894 -0.7755486237
6.0000000000 0.6262546037 -0.0749937164 -0.7760032950
6.0095238095 0.6256861598 -0.0750404592 -0.7764571842
6.0190476190 0.6251178484 -0.0750871179 -0.7769102910
6.0285714286 0.6245496721 -0.0751336924 -0.7773626151
6.0380952381 0.6239816334 -0.0751801828 -0.7778141560
6.0476190476 0.6234137347 -0.0752265890 -0.7782649136
6.0571428571 0.6228459785 -0.0752729110 -0.7787148874
6.0666666667 0.6222783673 -0.0753191489 -0.7791640773
6.0761904762 0.6217109036 -0.0753653027 -0.7796124829
6.0857142857 0.6211435898 -0.0754113723 -0.7800601039
6.0952380952 0.6205764284 -0.0754573579 -0.7805069401
6.1047619048 0.6200094219 -0.0755032592 -0.7809529913
6.1142857143 0.6194425727 -0.0755490765 -0.7813982571
6.1238095238 0.6188758832 -0.0755948097 -0.7818427374
6.1333333333 0.6183093558 -0.0756404588 -0.7822864319
6.1428571429 0.6177429931 -0.0756860238 -0.7827293404
6.1523809524 0.6171767974 -0.0757315048 -0.7831714627
6.1619047619 0.6166107711 -0.0757769017 -0.7836127986
6.1714285714 0.6160449167 -0.0758222146 -0.7840533479
6.1809523810 0.6154792366 -0.0758674434 -0.7844931105
6.1904761905 0.6149137331 -0.0759125883 -0.7849320861
6.2000000000 0.6143484087 -0.0759576491 -0.7853702746
6.2095238095 0.6137832657 -0.0760026260 -0.7858076760
6.2190476190 0.6132183065 -0.0760475189 -0.7862442899
6.2285714286 0.6126535336 -0.0760923279 -0.7866801163
6.2380952381 0.6120889492 -0.0761370529 -0.7871151551
6.2476190476 0.6115245557 -0.0761816941 -0.7875494062
6.2571428571 0.6109603555 -0.0762262514 -0.7879828695
6.2666666667 0.6103963509 -0.0762707248 -0.7884155448
6.2761904762 0.6098325443 -0.0763151143 -0.7888474321
6.2857142857 0.6092689380 -0.0763594201 -0.7892785314
6.2952380952 0.6087055343 -0.0764036420 -0.7897088425
6.3047619048 0.6081423356 -0.0764477802 -0.7901383655
6.3142857143 0.6075793441 -0.0764918346 -0.7905671002
6.3238095238 0.6070165622 -0.0765358054 -0.7909950466
6.3333333333 0.6064539921 -0.0765796924 -0.7914222047
6.3428571429 0.6058916362 -0.0766234957 -0.7918485746
6.3523809524 0.6053294968 -0.0766672155 -0.7922741561
6.3619047619 0.6047675760 -0.0767108516 -0.7926989493
6.3714285714 0.6042058762 -0.0767544041 -0.7931229543
6.3809523810 0.6036443997 -0.0767978731 -0.7935461709
6.3904761905 0.6030831487 -0.0768412585 -0.7939685993
6.4000000000 0.6025221254 -0.0768845605 -0.7943902396
6.4095238095 0.6019613321 -0.0769277790 -0.7948110917
6.4190476190 0.6014007711 -0.0769709141 -0.7952311557
6.4285714286 0.6008404445 -0.0770139658 -0.7956504316
6.4380952381 0.6002803545 -0.0770569341 -0.7960689197
6.4476190476 0.5997205034 -0.0770998191 -0.7964866199
6.4571428571 0.5991608934 -0.0771426208 -0.7969035323
6.4666666667 0.5986015267 -0.0771853393 -0.7973196571
6.4761904762 0.5980424054 -0.0772279746 -0.7977349944
6.4857142857 0.5974835318 -0.0772705267 -0.7981495442
6.4952380952 0.5969249080 -0.0773129956 -0.7985633068
6.5047619048 0.5963665361 -0.0773553815 -0.7989762822
6.5142857143 0.5958084184 -0.0773976843 -0.7993884707
6.5238095238 0.5952505569 -0.0774399041 -0.7997998723
6.5333333333 0.5946929539 -0.0774820409 -0.8002104873
6.5428571429 0.5941356114 -0.0775240948 -0.8006203158
6.5523809524 0.5935785315 -0.0775660658 -0.8010293580
6.5619047619 0.5930217165 -0.0776079540 -0.8014376141
6.5714285714 0.5924651683 -0.0776497593 -0.8018450843
6.5809523810 0.5919088892 -0.0776914819 -0.8022517688
6.5904761905 0.5913528811 -0.0777331218 -0.8026576679
6.6000000000 0.5907971461 -0.0777746790 -0.8030627817
6.6095238095 0.5902416865 -0.0778161537 -0.8034671106
6.6190476190 0.5896865041 -0.0778575457 -0.8038706547
6.6285714286 0.5891316010 -0.0778988552 -0.8042734143
6.6380952381 0.5885769794 -0.0779400823 -0.8046753897
6.6476190476 0.5880226413 -0.0779812270 -0.8050765812
6.6571428571 0.5874685886 -0.0780222892 -0.8054769890
6.6666666667 0.5869148234 -0.0780632692 -0.8058766134
6.6761904762 0.5863613478 -0.0781041669 -0.8062754548
6.6857142857 0.5858081637 -0.0781449824 -0.8066735133
6.6952380952 0.5852552731 -0.0781857157 -0.8070707895
6.7047619048 0.5847026780 -0.0782263670 -0.8074672835
6.7142857143 0.5841503804 -0.0782669362 -0.8078629957
6.7238095238 0.5835983823 -0.0783074234 -0.8082579264
6.7333333333 0.5830466857 -0.0783478286 -0.8086520760
6.7428571429 0.5824952924 -0.0783881520 -0.8090454449
6.7523809524 0.5819442045 -0.0784283936 -0.8094380334
6.7619047619 0.5813934238 -0.0784685534 -0.8098298419
6.7714285714 0.5808429524 -0.0785086315 -0.8102208708
6.7809523810 0.5802927921 -0.0785486279 -0.8106111204
6.7904761905 0.5797429448 -0.0785885428 -0.8110005911
6.8000000000 0.5791934125 -0.0786283762 -0.8113892835
6.8095238095 0.5786441970 -0.0786681281 -0.8117771978
6.8190476190 0.5780953003 -0.0787077986 -0.8121643345
6.8285714286 0.5775467241 -0.0787473877 -0.8125506940
6.8380952381 0.5769984704 -0.0787868956 -0.8129362768
6.8476190476 0.5764505411 -0.0788263223 -0.8133210833
6.8571428571 0.5759029379 -0.0788656679 -0.8137051140
6.8666666667 0.5753556628 -0.0789049323 -0.8140883693
6.8761904762 0.5748087174 -0.0789441158 -0.8144708496
6.8857142857 0.5742621038 -0.0789832183 -0.8148525556
6.8952380952 0.5737158237 -0.0790222399 -0.8152334876
6.9047619048 0.5731698788 -0.0790611808 -0.8156136461
6.9142857143 0.5726242711 -0.0791000409 -0.8159930317
6.9238095238 0.5720790022 -0.0791388203 -0.8163716448
6.9333333333 0.5715340740 -0.0791775191 -0.8167494859
6.9428571429 0.5709894882 -0.0792161374 -0.8171265557
6.9523809524 0.5704452466 -0.0792546753 -0.8175028545
6.9619047619 0.5699013509 -0.0792931328 -0.8178783830
6.9714285714 0.5693578029 -0.0793315099 -0.8182531416
6.9809523810 0.5688146043 -0.0793698068 -0.8186271310
6.9904761905 0.5682717569 -0.0794080236 -0.8190003517
7.0000000000 0.5677292623 -0.0794461602 -0.8193728043
7.0095238095 0.5671871223 -0.0794842169 -0.8197444892
7.0190476190 0.5666453385 -0.0795221936 -0.8201154072
7.0285714286 0.5661039126 -0.0795600904 -0.8204855587
7.0380952381 0.5655628464 -0.0795979074 -0.8208549445
7.0476190476 0.5650221415 -0.0796356448 -0.8212235650
7.0571428571 0.5644817995 -0.0796733025 -0.8215914209
7.0666666667 0.5639418221 -0.0797108806 -0.8219585128
7.0761904762 0.5634022110 -0.0797483793 -0.8223248413
7.0857142857 0.5628629677 -0.0797857986 -0.8226904071
7.0952380952 0.5623240939 -0.0798231385 -0.8230552108
7.1047619048 0.5617855912 -0.0798603992 -0.8234192530
7.1142857143 0.5612474612 -0.0798975808 -0.8237825343
7.1238095238 0.5607097056 -0.0799346833 -0.8241450555
7.1333333333 0.5601723258 -0.0799717068 -0.8245068171
7.1428571429 0.5596353235 -0.0800086514 -0.8248678199
7.1523809524 0.5590987003 -0.0800455172 -0.8252280646
7.1619047619 0.5585624576 -0.0800823042 -0.8255875517
7.1714285714 0.5580265971 -0.0801190126 -0.8259462820
7.1809523810 0.5574911203 -0.0801556424 -0.8263042562
7.1904761905 0.5569560287 -0.0801921937 -0.8266614750
7.2000000000 0.5564213238 -0.0802286666 -0.8270179390
7.2095238095 0.5558870072 -0.0802650613 -0.8273736491
7.2190476190 0.5553530804 -0.0803013776 -0.8277286058
7.2285714286 0.5548195447 -0.0803376159 -0.8280828100
7.2380952381 0.5542864019 -0.0803737761 -0.8284362624
7.2476190476 0.5537536532 -0.0804098583 -0.8287889636
7.2571428571 0.5532213002 -0.0804458627 -0.8291409146
7.2666666667 0.5526893443 -0.0804817893 -0.8294921159
7.2761904762 0.5521577870 -0.0805176382 -0.8298425683
7.2857142857 0.5516266298 -0.0805534095 -0.8301922726
7.2952380952 0.5510958739 -0.0805891033 -0.8305412297
7.3047619048 0.5505655210 -0.0806247196 -0.8308894401
7.3142857143 0.5500355723 -0.0806602587 -0.8312369048
7.3238095238 0.5495060293 -0.0806957205 -0.8315836245
7.3333333333 0.5489768933 -0.0807311051 -0.8319295999
7.3428571429 0.5484481659 -0.0807664128 -0.8322748320
7.3523809524 0.5479198482 -0.0808016434 -0.8326193214
7.3619047619 0.5473919417 -0.0808367972 -0.8329630690
7.3714285714 0.5468644478 -0.0808718743 -0.8333060756
7.3809523810 0.5463373678 -0.0809068747 -0.8336483420
7.3904761905 0.5458107030 -0.0809417985 -0.8339898691
7.4000000000 0.5452844548 -0.0809766458 -0.8343306576
7.4095238095 0.5447586244 -0.0810114167 -0.8346707084
7.4190476190 0.5442332132 -0.0810461114 -0.8350100224
7.4285714286 0.5437082225 -0.0810807299 -0.8353486003
7.4380952381 0.5431836536 -0.0811152723 -0.8356864430
7.4476190476 0.5426595077 -0.0811497387 -0.8360235514
7.4571428571 0.5421357862 -0.0811841292 -0.8363599264
7.4666666667 0.5416124903 -0.0812184439 -0.8366955687
7.4761904762 0.5410896212 -0.0812526830 -0.8370304793
7.4857142857 0.5405671802 -0.0812868464 -0.8373646591
7.4952380952 0.5400451686 -0.0813209344 -0.8376981088
7.5047619048 0.5395235875 -0.0813549469 -0.8380308295
7.5142857143 0.5390024381 -0.0813888842 -0.8383628219
7.5238095238 0.5384817218 -0.0814227463 -0.8386940871
7.5333333333 0.5379614397 -0.0814565333 -0.8390246258
7.5428571429 0.5374415929 -0.0814902454 -0.8393544389
7.5523809524 0.5369221827 -0.0815238825 -0.8396835275
7.5619047619 0.5364032102 -0.0815574449 -0.8400118923
7.5714285714 0.5358846766 -0.0815909326 -0.8403395344
7.5809523810 0.5353665831 -0.0816243458 -0.8406664546
7.5904761905 0.5348489307 -0.0816576845 -0.8409926539
7.6000000000 0.5343317207 -0.0816909488 -0.8413181331
7.6095238095 0.5338149542 -0.0817241389 -0.8416428933
7.6190476190 0.5332986322 -0.0817572548 -0.8419669353
7.6285714286 0.5327827560 -0.0817902967 -0.8422902601
7.6380952381 0.5322673265 -0.0818232647 -0.8426128687
7.6476190476 0.5317523449 -0.0818561588 -0.8429347620
7.6571428571 0.5312378123 -0.0818889792 -0.8432559409
7.6666666667 0.5307237297 -0.0819217260 -0.8435764065
7.6761904762 0.5302100982 -0.0819543993 -0.8438961596
7.6857142857 0.5296969189 -0.0819869992 -0.8442152013
7.6952380952 0.5291841928 -0.0820195258 -0.8445335325
7.7047619048 0.5286719210 -0.0820519792 -0.8448511542
7.7142857143 0.5281601044 -0.0820843596 -0.8451680673
7.7238095238 0.5276487442 -0.0821166670 -0.8454842729
7.7333333333 0.5271378412 -0.0821489015 -0.8457997720
7.7428571429 0.5266273966 -0.0821810633 -0.8461145655
7.7523809524 0.5261174113 -0.0822131525 -0.8464286545
7.7619047619 0.5256078863 -0.0822451692 -0.8467420398
7.7714285714 0.5250988226 -0.0822771134 -0.8470547226
7.7809523810 0.5245902211 -0.0823089853 -0.8473667039
7.7904761905 0.5240820829 -0.0823407851 -0.8476779846
7.8000000000 0.5235744088 -0.0823725128 -0.8479885657
7.8095238095 0.5230671998 -0.0824041685 -0.8482984484
7.8190476190 0.5225604569 -0.0824357524 -0.8486076335
7.8285714286 0.5220541809 -0.0824672645 -0.8489161222
7.8380952381 0.5215483728 -0.0824987050 -0.8492239154
7.8476190476 0.5210430335 -0.0825300740 -0.8495310142
7.8571428571 0.5205381640 -0.0825613716 -0.8498374196
7.8666666667 0.5200337650 -0.0825925979 -0.8501431327
7.8761904762 0.5195298374 -0.0826237530 -0.8504481545
7.8857142857 0.5190263822 -0.0826548371 -0.8507524860
7.8952380952 0.5185234003 -0.0826858502 -0.8510561283
7.9047619048 0.5180208924 -0.0827167925 -0.8513590825
7.9142857143 0.5175188594 -0.0827476641 -0.8516613495
7.9238095238 0.5170173022 -0.0827784652 -0.8519629305
7.9333333333 0.5165162216 -0.0828091957 -0.8522638265
7.9428571429 0.5160156184 -0.0828398558 -0.8525640386
7.9523809524 0.5155154935 -0.0828704457 -0.8528635678
7.9619047619 0.5150158476 -0.0829009655 -0.8531624152
7.9714285714 0.5145166815 -0.0829314153 -0.8534605819
7.9809523810 0.5140179961 -0.0829617951 -0.8537580689
7.9904761905 0.5135197921 -0.0829921052 -0.8540548774
8.0000000000 0.5130220703 -0.0830223456 -0.8543510084
8.0095238095 0.5125248315 -0.0830525165 -0.8546464629
8.0190476190 0.5120280764 -0.0830826179 -0.8549412422
8.0285714286 0.5115318058 -0.0831126500 -0.8552353472
8.0380952381 0.5110360204 -0.0831426129 -0.8555287791
8.0476190476 0.5105407209 -0.0831725068 -0.8558215389
8.0571428571 0.5100459081 -0.0832023317 -0.8561136277
8.0666666667 0.5095515828 -0.0832320877 -0.8564050467
8.0761904762 0.5090577455 -0.0832617750 -0.8566957970
8.0857142857 0.5085643970 -0.0832913938 -0.8569858796
8.0952380952 0.5080715381 -0.0833209440 -0.8572752956
8.1047619048 0.5075791693 -0.0833504259 -0.8575640462
8.1142857143 0.5070872915 -0.0833798395 -0.8578521325
8.1238095238 0.5065959051 -0.0834091850 -0.8581395555
8.1333333333 0.5061050110 -0.0834384625 -0.8584263165
8.1428571429 0.5056146097 -0.0834676722 -0.8587124164
8.1523809524 0.5051247020 -0.0834968140 -0.8589978565
8.1619047619 0.5046352884 -0.0835258882 -0.8592826379
8.1714285714 0.5041463696 -0.0835548949 -0.8595667616
8.1809523810 0.5036579461 -0.0835838342 -0.8598502288
8.1904761905 0.5031700187 -0.0836127062 -0.8601330406
8.2000000000 0.5026825880 -0.0836415111 -0.8604151982
8.2095238095 0.5021956544 -0.0836702489 -0.8606967027
8.2190476190 0.5017092187 -0.0836989198 -0.8609775553
8.2285714286 0.5012232814 -0.0837275239 -0.8612577569
8.2380952381 0.5007378431 -0.0837560613 -0.8615373089
8.2476190476 0.5002529044 -0.0837845322 -0.8618162123
8.2571428571 0.4997684658 -0.0838129366 -0.8620944683
8.2666666667 0.4992845278 -0.0838412747 -0.8623720780
8.2761904762 0.4988010911 -0.0838695467 -0.8626490426
8.2857142857 0.4983181562 -0.0838977525 -0.8629253631
8.2952380952 0.4978357235 -0.0839258925 -0.8632010409
8.3047619048 0.4973537937 -0.0839539666 -0.8634760769
8.3142857143 0.4968723673 -0.0839819750 -0.8637504724
8.3238095238 0.4963914446 -0.0840099178 -0.8640242285
8.3333333333 0.4959110264 -0.0840377952 -0.8642973463
8.3428571429 0.4954311130 -0.0840656073 -0.8645698271
8.3523809524 0.4949517050 -0.0840933541 -0.8648416719
8.3619047619 0.4944728028 -0.0841210359 -0.8651128820
8.3714285714 0.4939944069 -0.0841486527 -0.8653834585
8.3809523810 0.4935165177 -0.0841762047 -0.8656534025
8.3904761905 0.4930391358 -0.0842036920 -0.8659227153
8.4000000000 0.4925622616 -0.0842311146 -0.8661913979
8.4095238095 0.4920858955 -0.0842584728 -0.8664594515
8.4190476190 0.4916100380 -0.0842857667 -0.8667268774
8.4285714286 0.4911346895 -0.0843129964 -0.8669936767
8.4380952381 0.4906598505 -0.0843401619 -0.8672598505
8.4476190476 0.4901855213 -0.0843672635 -0.8675254000
8.4571428571 0.4897117023 -0.0843943012 -0.8677903264
8.4666666667 0.4892383940 -0.0844212752 -0.8680546308
8.4761904762 0.4887655968 -0.0844481857 -0.8683183145
8.4857142857 0.4882933110 -0.0844750326 -0.8685813786
8.4952380952 0.4878215371 -0.0845018162 -0.8688438243
8.5047619048 0.4873502754 -0.0845285366 -0.8691056527
8.5142857143 0.4868795262 -0.0845551938 -0.8693668651
8.5238095238 0.4864092900 -0.0845817881 -0.8696274626
8.5333333333 0.4859395671 -0.0846083196 -0.8698874464
8.5428571429 0.4854703579 -0.0846347883 -0.8701468176
8.5523809524 0.4850016627 -0.0846611944 -0.8704055775
8.5619047619 0.4845334818 -0.0846875380 -0.8706637273
8.5714285714 0.4840658155 -0.0847138193 -0.8709212680
8.5809523810 0.4835986643 -0.0847400383 -0.8711782009
8.5904761905 0.4831320283 -0.0847661952 -0.8714345273
8.6000000000 0.4826659080 -0.0847922902 -0.8716902482
8.6095238095 0.4822003036 -0.0848183233 -0.8719453648
8.6190476190 0.4817352154 -0.0848442947 -0.8721998784
8.6285714286 0.4812706437 -0.0848702044 -0.8724537901
8.6380952381 0.4808065889 -0.0848960527 -0.8727071011
8.6476190476 0.4803430510 -0.0849218397 -0.8729598126
8.6571428571 0.4798800306 -0.0849475653 -0.8732119258
8.6666666667 0.4794175277 -0.0849732299 -0.8734634419
8.6761904762 0.4789555427 -0.0849988336 -0.8737143620
8.6857142857 0.4784940758 -0.0850243763 -0.8739646874
8.6952380952 0.4780331273 -0.0850498583 -0.8742144192
8.7047619048 0.4775726974 -0.0850752797 -0.8744635587
8.7142857143 0.4771127863 -0.0851006407 -0.8747121070
8.7238095238 0.4766533943 -0.0851259413 -0.8749600653
8.7333333333 0.4761945216 -0.0851511816 -0.8752074348
8.7428571429 0.4757361684 -0.0851763618 -0.8754542166
8.7523809524 0.4752783350 -0.0852014821 -0.8757004121
8.7619047619 0.4748210214 -0.0852265425 -0.8759460224
8.7714285714 0.4743642280 -0.0852515432 -0.8761910486
8.7809523810 0.4739079548 -0.0852764842 -0.8764354920
8.7904761905 0.4734522022 -0.0853013658 -0.8766793537
8.8000000000 0.4729969702 -0.0853261880 -0.8769226350
8.8095238095 0.4725422591 -0.0853509510 -0.8771653370
8.8190476190 0.4720880690 -0.0853756549 -0.8774074610
8.8285714286 0.4716344001 -0.0854002998 -0.8776490081
8.8380952381 0.4711812526 -0.0854248858 -0.8778899795
8.8476190476 0.4707286265 -0.0854494131 -0.8781303764
8.8571428571 0.4702765220 -0.0854738818 -0.8783702001
8.8666666667 0.4698249394 -0.0854982920 -0.8786094516
8.8761904762 0.4693738786 -0.0855226439 -0.8788481322
8.8857142857 0.4689233398 -0.0855469375 -0.8790862431
8.8952380952 0.4684733233 -0.0855711730 -0.8793237855
8.9047619048 0.4680238290 -0.0855953505 -0.8795607606
8.9142857143 0.4675748570 -0.0856194702 -0.8797971695
8.9238095238 0.4671264076 -0.0856435321 -0.8800330134
8.9333333333 0.4666784807 -0.0856675364 -0.8802682937
8.9428571429 0.4662310766 -0.0856914832 -0.8805030113
8.9523809524 0.4657841952 -0.0857153727 -0.8807371676
8.9619047619 0.4653378366 -0.0857392049 -0.8809707637
8.9714285714 0.4648920010 -0.0857629800 -0.8812038009
8.9809523810 0.4644466884 -0.0857866981 -0.8814362802
8.9904761905 0.4640018989 -0.0858103593 -0.8816682029
9.0000000000 0.4635576325 -0.0858339638 -0.8818995702
9.0095238095 0.4631138893 -0.0858575117 -0.8821303833
9.0190476190 0.4626706693 -0.0858810031 -0.8823606434
9.0285714286 0.4622279727 -0.0859044381 -0.8825903516
9.0380952381 0.4617857993 -0.0859278169 -0.8828195092
9.0476190476 0.4613441494 -0.0859511395 -0.8830481173
9.0571428571 0.4609030228 -0.0859744062 -0.8832761771
9.0666666667 0.4604624197 -0.0859976169 -0.8835036898
9.0761904762 0.4600223400 -0.0860207719 -0.8837306567
9.0857142857 0.4595827837 -0.0860438713 -0.8839570788
9.0952380952 0.4591437509 -0.0860669152 -0.8841829574
9.1047619048 0.4587052417 -0.0860899037 -0.8844082936
9.1142857143 0.4582672558 -0.0861128369 -0.8846330887
9.1238095238 0.4578297935 -0.0861357150 -0.8848573438
9.1333333333 0.4573928546 -0.0861585380 -0.8850810601
9.1428571429 0.4569564392 -0.0861813062 -0.8853042388
9.1523809524 0.4565205471 -0.0862040196 -0.8855268810
9.1619047619 0.4560851785 -0.0862266784 -0.8857489881
9.1714285714 0.4556503333 -0.0862492826 -0.8859705610
9.1809523810 0.4552160114 -0.0862718325 -0.8861916011
9.1904761905 0.4547822128 -0.0862943281 -0.8864121095
9.2000000000 0.4543489375 -0.0863167695 -0.8866320874
9.2095238095 0.4539161853 -0.0863391568 -0.8868515359
9.2190476190 0.4534839564 -0.0863614903 -0.8870704562
9.2285714286 0.4530522505 -0.0863837700 -0.8872888496
9.2380952381 0.4526210677 -0.0864059960 -0.8875067171
9.2476190476 0.4521904079 -0.0864281684 -0.8877240600
9.2571428571 0.4517602709 -0.0864502874 -0.8879408795
9.2666666667 0.4513306568 -0.0864723532 -0.8881571766
9.2761904762 0.4509015654 -0.0864943657 -0.8883729527
9.2857142857 0.4504729967 -0.0865163252 -0.8885882087
9.2952380952 0.4500449506 -0.0865382318 -0.8888029461
9.3047619048 0.4496174269 -0.0865600855 -0.8890171658
9.3142857143 0.4491904256 -0.0865818865 -0.8892308690
9.3238095238 0.4487639466 -0.0866036350 -0.8894440570
9.3333333333 0.4483379898 -0.0866253310 -0.8896567310
9.3428571429 0.4479125550 -0.0866469747 -0.8898688919
9.3523809524 0.4474876422 -0.0866685661 -0.8900805411
9.3619047619 0.4470632512 -0.0866901055 -0.8902916797
9.3714285714 0.4466393819 -0.0867115929 -0.8905023089
9.3809523810 0.4462160342 -0.0867330284 -0.8907124298
9.3904761905 0.4457932079 -0.0867544122 -0.8909220436
9.4000000000 0.4453709030 -0.0867757444 -0.8911311514
9.4095238095 0.4449491192 -0.0867970251 -0.8913397544
9.4190476190 0.4445278564 -0.0868182544 -0.8915478538
9.4285714286 0.4441071145 -0.0868394325 -0.8917554507
9.4380952381 0.4436868933 -0.0868605595 -0.8919625463
9.4476190476 0.4432671927 -0.0868816354 -0.8921691417
9.4571428571 0.4428480125 -0.0869026604 -0.8923752380
9.4666666667 0.4424293525 -0.0869236347 -0.8925808366
9.4761904762 0.4420112126 -0.0869445583 -0.8927859384
9.4857142857 0.4415935925 -0.0869654313 -0.8929905446
9.4952380952 0.4411764922 -0.0869862540 -0.8931946565
9.5047619048 0.4407599115 -0.0870070263 -0.8933982750
9.5142857143 0.4403438501 -0.0870277485 -0.8936014015
9.5238095238 0.4399283078 -0.0870484206 -0.8938040369
9.5333333333 0.4395132846 -0.0870690427 -0.8940061826
9.5428571429 0.4390987801 -0.0870896150 -0.8942078395
9.5523809524 0.4386847942 -0.0871101376 -0.8944090089
9.5619047619 0.4382713266 -0.0871306106 -0.8946096920
9.5714285714 0.4378583773 -0.0871510342 -0.8948098897
9.5809523810 0.4374459459 -0.0871714084 -0.8950096033
9.5904761905 0.4370340322 -0.0871917333 -0.8952088339
9.6000000000 0.4366226361 -0.0872120091 -0.8954075827
9.6095238095 0.4362117572 -0.0872322359 -0.8956058507
9.6190476190 0.4358013955 -0.0872524138 -0.8958036392
9.6285714286 0.4353915506 -0.0872725430 -0.8960009492
9.6380952381 0.4349822223 -0.0872926235 -0.8961977818
9.6476190476 0.4345734104 -0.0873126554 -0.8963941383
9.6571428571 0.4341651146 -0.0873326389 -0.8965900197
9.6666666667 0.4337573348 -0.0873525741 -0.8967854271
9.6761904762 0.4333500706 -0.0873724611 -0.8969803617
9.6857142857 0.4329433218 -0.0873923001 -0.8971748247
9.6952380952 0.4325370882 -0.0874120910 -0.8973688170
9.7047619048 0.4321313694 -0.0874318342 -0.8975623399
9.7142857143 0.4317261653 -0.0874515296 -0.8977553944
9.7238095238 0.4313214756 -0.0874711773 -0.8979479817
9.7333333333 0.4309173000 -0.0874907776 -0.8981401029
9.7428571429 0.4305136382 -0.0875103305 -0.8983317591
9.7523809524 0.4301104900 -0.0875298361 -0.8985229514
9.7619047619 0.4297078550 -0.0875492946 -0.8987136810
9.7714285714 0.4293057331 -0.0875687060 -0.8989039488
9.7809523810 0.4289041239 -0.0875880705 -0.8990937562
9.7904761905 0.4285030272 -0.0876073881 -0.8992831040
9.8000000000 0.4281024426 -0.0876266591 -0.8994719936
9.8095238095 0.4277023699 -0.0876458835 -0.8996604259
9.8190476190 0.4273028087 -0.0876650614 -0.8998484020
9.8285714286 0.4269037589 -0.0876841929 -0.9000359232
9.8380952381 0.4265052200 -0.0877032782 -0.9002229903
9.8476190476 0.4261071917 -0.0877223173 -0.9004096047
9.8571428571 0.4257096738 -0.0877413104 -0.9005957673
9.8666666667 0.4253126660 -0.0877602577 -0.9007814792
9.8761904762 0.4249161679 -0.0877791591 -0.9009667416
9.8857142857 0.4245201792 -0.0877980148 -0.9011515555
9.8952380952 0.4241246997 -0.0878168249 -0.9013359221
9.9047619048 0.4237297289 -0.0878355896 -0.9015198423
9.9142857143 0.4233352665 -0.0878543089 -0.9017033173
9.9238095238 0.4229413123 -0.0878729830 -0.9018863483
9.9333333333 0.4225478659 -0.0878916120 -0.9020689361
9.9428571429 0.4221549270 -0.0879101959 -0.9022510820
9.9523809524 0.4217624952 -0.0879287349 -0.9024327871
9.9619047619 0.4213705702 -0.0879472292 -0.9026140523
9.9714285714 0.4209791517 -0.0879656787 -0.9027948788
9.9809523810 0.4205882392 -0.0879840837 -0.9029752677
9.9904761905 0.4201978326 -0.0880024442 -0.9031552199
10.0000000000 0.4198079313 -0.0880207603 -0.9033347367
10.0095238095 0.4194185351 -0.0880390322 -0.9035138190
10.0190476190 0.4190296437 -0.0880572600 -0.9036924680
10.0285714286 0.4186412565 -0.0880754437 -0.9038706846
10.0380952381 0.4182533734 -0.0880935836 -0.9040484700
10.0476190476 0.4178659939 -0.0881116796 -0.9042258253
10.0571428571 0.4174791177 -0.0881297319 -0.9044027514
10.0666666667 0.4170927443 -0.0881477406 -0.9045792494
10.0761904762 0.4167068735 -0.0881657058 -0.9047553204
10.0857142857 0.4163215049 -0.0881836276 -0.9049309655
10.0952380952 0.4159366380 -0.0882015062 -0.9051061857
10.1047619048 0.4155522726 -0.0882193417 -0.9052809821
10.1142857143 0.4151684082 -0.0882371340 -0.9054553556
10.1238095238 0.4147850444 -0.0882548834 -0.9056293074
10.1333333333 0.4144021809 -0.0882725900 -0.9058028386
10.1428571429 0.4140198173 -0.0882902539 -0.9059759500
10.1523809524 0.4136379531 -0.0883078751 -0.9061486428
10.1619047619 0.4132565881 -0.0883254539 -0.9063209181
10.1714285714 0.4128757217 -0.0883429902 -0.9064927769
10.1809523810 0.4124953537 -0.0883604842 -0.9066642201
10.1904761905 0.4121154836 -0.0883779360 -0.9068352489
10.2000000000 0.4117361110 -0.0883953457 -0.9070058642
10.2095238095 0.4113572355 -0.0884127134 -0.9071760672
10.2190476190 0.4109788567 -0.0884300393 -0.9073458588
10.2285714286 0.4106009742 -0.0884473233 -0.9075152401
10.2380952381 0.4102235876 -0.0884645657 -0.9076842120
10.2476190476 0.4098466965 -0.0884817666 -0.9078527757
10.2571428571 0.4094703005 -0.0884989260 -0.9080209321
10.2666666667 0.4090943991 -0.0885160440 -0.9081886823
10.2761904762 0.4087189919 -0.0885331207 -0.9083560272
10.2857142857 0.4083440786 -0.0885501564 -0.9085229680
10.2952380952 0.4079696586 -0.0885671509 -0.9086895055
10.3047619048 0.4075957316 -0.0885841046 -0.9088556409
10.3142857143 0.4072222972 -0.0886010174 -0.9090213751
10.3238095238 0.4068493549 -0.0886178895 -0.9091867091
10.3333333333 0.4064769043 -0.0886347209 -0.9093516440
10.3428571429 0.4061049449 -0.0886515118 -0.9095161808
10.3523809524 0.4057334764 -0.0886682623 -0.9096803204
10.3619047619 0.4053624983 -0.0886849725 -0.9098440639
10.3714285714 0.4049920101 -0.0887016424 -0.9100074123
10.3809523810 0.4046220114 -0.0887182723 -0.9101703665
10.3904761905 0.4042525018 -0.0887348621 -0.9103329276
10.4000000000 0.4038834808 -0.0887514120 -0.9104950965
10.4095238095 0.4035149481 -0.0887679221 -0.9106568743
10.4190476190 0.4031469031 -0.0887843925 -0.9108182619
10.4285714286 0.4027793453 -0.0888008233 -0.9109792603
10.4380952381 0.4024122744 -0.0888172145 -0.9111398706
10.4476190476 0.4020456900 -0.0888335664 -0.9113000936
10.4571428571 0.4016795914 -0.0888498790 -0.9114599305
10.4666666667 0.4013139784 -0.0888661523 -0.9116193821
10.4761904762 0.4009488503 -0.0888823866 -0.9117784494
10.4857142857 0.4005842069 -0.0888985818 -0.9119371334
10.4952380952 0.4002200476 -0.0889147381 -0.9120954352
10.5047619048 0.3998563719 -0.0889308557 -0.9122533556
10.5142857143 0.3994931794 -0.0889469345 -0.9124108956
10.5238095238 0.3991304696 -0.0889629747 -0.9125680563
10.5333333333 0.3987682421 -0.0889789764 -0.9127248385
10.5428571429 0.3984064964 -0.0889949397 -0.9128812433
10.5523809524 0.3980452320 -0.0890108647 -0.9130372716
10.5619047619 0.3976844485 -0.0890267514 -0.9131929243
10.5714285714 0.3973241453 -0.0890426001 -0.9133482025
10.5809523810 0.3969643220 -0.0890584107 -0.9135031070
10.5904761905 0.3966049782 -0.0890741834 -0.9136576389
10.6000000000 0.3962461133 -0.0890899183 -0.9138117991
10.6095238095 0.3958877269 -0.0891056155 -0.9139655885
10.6190476190 0.3955298185 -0.0891212750 -0.9141190081
10.6285714286 0.3951723876 -0.0891368970 -0.9142720589
10.6380952381 0.3948154338 -0.0891524816 -0.9144247417
10.6476190476 0.3944589565 -0.0891680288 -0.9145770576
10.6571428571 0.3941029552 -0.0891835388 -0.9147290075
10.6666666667 0.3937474295 -0.0891990116 -0.9148805922
10.6761904762 0.3933923789 -0.0892144474 -0.9150318129
10.6857142857 0.3930378029 -0.0892298463 -0.9151826703
10.6952380952 0.3926837010 -0.0892452082 -0.9153331654
10.7047619048 0.3923300728 -0.0892605335 -0.9154832992
10.7142857143 0.3919769176 -0.0892758220 -0.9156330726
10.7238095238 0.3916242351 -0.0892910740 -0.9157824865
10.7333333333 0.3912720247 -0.0893062895 -0.9159315419
10.7428571429 0.3909202859 -0.0893214686 -0.9160802396
10.7523809524 0.3905690183 -0.0893366114 -0.9162285806
10.7619047619 0.3902182213 -0.0893517180 -0.9163765658
10.7714285714 0.3898678944 -0.0893667885 -0.9165241961
10.7809523810 0.3895180372 -0.0893818230 -0.9166714725
10.7904761905 0.3891686491 -0.0893968216 -0.9168183958
10.8000000000 0.3888197296 -0.0894117844 -0.9169649670
10.8095238095 0.3884712782 -0.0894267114 -0.9171111870
10.8190476190 0.3881232944 -0.0894416028 -0.9172570567
10.8285714286 0.3877757778 -0.0894564587 -0.9174025769
10.8380952381 0.3874287277 -0.0894712791 -0.9175477487
10.8476190476 0.3870821438 -0.0894860642 -0.9176925729
10.8571428571 0.3867360253 -0.0895008139 -0.9178370504
10.8666666667 0.3863903720 -0.0895155285 -0.9179811820
10.8761904762 0.3860451832 -0.0895302081 -0.9181249688
10.8857142857 0.3857004584 -0.0895448526 -0.9182684116
10.8952380952 0.3853561972 -0.0895594622 -0.9184115113
10.9047619048 0.3850123990 -0.0895740370 -0.9185542687
10.9142857143 0.3846690632 -0.0895885771 -0.9186966848
10.9238095238 0.3843261894 -0.0896030825 -0.9188387605
10.9333333333 0.3839837771 -0.0896175535 -0.9189804966
10.9428571429 0.3836418256 -0.0896319899 -0.9191218940
10.9523809524 0.3833003346 -0.0896463920 -0.9192629536
10.9619047619 0.3829593035 -0.0896607599 -0.9194036763
10.9714285714 0.3826187317 -0.0896750935 -0.9195440630
10.9809523810 0.3822786188 -0.0896893931 -0.9196841145
10.9904761905 0.3819389641 -0.0897036586 -0.9198238317
11.0000000000 0.3815997673 -0.0897178903 -0.9199632154
11.0095238095 0.3812610277 -0.0897320881 -0.9201022667
11.0190476190 0.3809227449 -0.0897462522 -0.9202409862
11.0285714286 0.3805849182 -0.0897603826 -0.9203793749
11.0380952381 0.3802475472 -0.0897744795 -0.9205174337
11.0476190476 0.3799106314 -0.0897885429 -0.9206551633
11.0571428571 0.3795741702 -0.0898025729 -0.9207925647
11.0666666667 0.3792381630 -0.0898165696 -0.9209296387
11.0761904762 0.3789026094 -0.0898305331 -0.9210663862
11.0857142857 0.3785675089 -0.0898444635 -0.9212028081
11.0952380952 0.3782328608 -0.0898583609 -0.9213389051
11.1047619048 0.3778986646 -0.0898722252 -0.9214746781
11.1142857143 0.3775649199 -0.0898860568 -0.9216101280
11.1238095238 0.3772316260 -0.0898998555 -0.9217452557
11.1333333333 0.3768987825 -0.0899136216 -0.9218800618
11.1428571429 0.3765663887 -0.0899273550 -0.9220145474
11.1523809524 0.3762344443 -0.0899410560 -0.9221487133
11.1619047619 0.3759029485 -0.0899547245 -0.9222825602
11.1714285714 0.3755719010 -0.0899683606 -0.9224160890
11.1809523810 0.3752413011 -0.0899819645 -0.9225493006
11.1904761905 0.3749111483 -0.0899955362 -0.9226821958
11.2000000000 0.3745814420 -0.0900090758 -0.9228147753
11.2095238095 0.3742521818 -0.0900225834 -0.9229470401
11.2190476190 0.3739233670 -0.0900360591 -0.9230789910
11.2285714286 0.3735949972 -0.0900495029 -0.9232106288
11.2380952381 0.3732670718 -0.0900629150 -0.9233419543
11.2476190476 0.3729395902 -0.0900762954 -0.9234729683
11.2571428571 0.3726125519 -0.0900896442 -0.9236036716
11.2666666667 0.3722859563 -0.0901029614 -0.9237340651
11.2761904762 0.3719598030 -0.0901162473 -0.9238641496
11.2857142857 0.3716340913 -0.0901295018 -0.9239939259
11.2952380952 0.3713088208 -0.0901427251 -0.9241233948
11.3047619048 0.3709839908 -0.0901559171 -0.9242525570
11.3142857143 0.3706596008 -0.0901690781 -0.9243814135
11.3238095238 0.3703356503 -0.0901822081 -0.9245099651
11.3333333333 0.3700121387 -0.0901953071 -0.9246382124
11.3428571429 0.3696890655 -0.0902083753 -0.9247661563
11.3523809524 0.3693664300 -0.0902214127 -0.9248937977
11.3619047619 0.3690442319 -0.0902344194 -0.9250211373
11.3714285714 0.3687224705 -0.0902473955 -0.9251481759
11.3809523810 0.3684011452 -0.0902603411 -0.9252749143
11.3904761905 0.3680802556 -0.0902732562 -0.9254013533
11.4000000000 0.3677598010 -0.0902861410 -0.9255274937
11.4095238095 0.3674397809 -0.0902989955 -0.9256533362
11.4190476190 0.3671201948 -0.0903118198 -0.9257788817
11.4285714286 0.3668010421 -0.0903246139 -0.9259041309
11.4380952381 0.3664823222 -0.0903373780 -0.9260290847
11.4476190476 0.3661640346 -0.0903501121 -0.9261537437
11.4571428571 0.3658461788 -0.0903628164 -0.9262781088
11.4666666667 0.3655287541 -0.0903754908 -0.9264021808
11.4761904762 0.3652117601 -0.0903881355 -0.9265259604
11.4857142857 0.3648951961 -0.0904007506 -0.9266494484
11.4952380952 0.3645790617 -0.0904133360 -0.9267726455
11.5047619048 0.3642633562 -0.0904258920 -0.9268955526
11.5142857143 0.3639480791 -0.0904384186 -0.9270181703
11.5238095238 0.3636332299 -0.0904509158 -0.9271404996
11.5333333333 0.3633188079 -0.0904633838 -0.9272625410
11.5428571429 0.3630048127 -0.0904758225 -0.9273842955
11.5523809524 0.3626912436 -0.0904882322 -0.9275057637
11.5619047619 0.3623781002 -0.0905006128 -0.9276269463
11.5714285714 0.3620653818 -0.0905129645 -0.9277478443
11.5809523810 0.3617530880 -0.0905252873 -0.9278684582
11.5904761905 0.3614412180 -0.0905375813 -0.9279887889
11.6000000000 0.3611297714 -0.0905498466 -0.9281088371
11.6095238095 0.3608187477 -0.0905620832 -0.9282286035
11.6190476190 0.3605081462 -0.0905742912 -0.9283480890
11.6285714286 0.3601979664 -0.0905864708 -0.9284672941
11.6380952381 0.3598882078 -0.0905986219 -0.9285862198
11.6476190476 0.3595788697 -0.0906107447 -0.9287048667
11.6571428571 0.3592699517 -0.0906228392 -0.9288232355
11.6666666667 0.3589614531 -0.0906349055 -0.9289413270
11.6761904762 0.3586533734 -0.0906469437 -0.9290591420
11.6857142857 0.3583457121 -0.0906589538 -0.9291766811
11.6952380952 0.3580384686 -0.0906709360 -0.9292939451
11.7047619048 0.3577316422 -0.0906828903 -0.9294109347
11.7142857143 0.3574252325 -0.0906948167 -0.9295276507
11.7238095238 0.3571192389 -0.0907067154 -0.9296440937
11.7333333333 0.3568136609 -0.0907185864 -0.9297602645
11.7428571429 0.3565084978 -0.0907304298 -0.9298761639
11.7523809524 0.3562037491 -0.0907422457 -0.9299917924
11.7619047619 0.3558994143 -0.0907540341 -0.9301071509
11.7714285714 0.3555954928 -0.0907657951 -0.9302222401
11.7809523810 0.3552919839 -0.0907775288 -0.9303370606
11.7904761905 0.3549888873 -0.0907892353 -0.9304516133
11.8000000000 0.3546862022 -0.0908009146 -0.9305658987
11.8095238095 0.3543839282 -0.0908125668 -0.9306799176
11.8190476190 0.3540820647 -0.0908241920 -0.9307936708
11.8285714286 0.3537806111 -0.0908357902 -0.9309071589
11.8380952381 0.3534795668 -0.0908473616 -0.9310203826
11.8476190476 0.3531789314 -0.0908589061 -0.9311333426
11.8571428571 0.3528787041 -0.0908704239 -0.9312460396
11.8666666667 0.3525788845 -0.0908819150 -0.9313584743
11.8761904762 0.3522794721 -0.0908933796 -0.9314706475
11.8857142857 0.3519804661 -0.0909048176 -0.9315825597
11.8952380952 0.3516818662 -0.0909162291 -0.9316942118
11.9047619048 0.3513836717 -0.0909276143 -0.9318056043
11.9142857143 0.3510858820 -0.0909389731 -0.9319167380
11.9238095238 0.3507884966 -0.0909503057 -0.9320276136
11.9333333333 0.3504915150 -0.0909616121 -0.9321382317
11.9428571429 0.3501949365 -0.0909728924 -0.9322485931
11.9523809524 0.3498987606 -0.0909841467 -0.9323586983
11.9619047619 0.3496029868 -0.0909953750 -0.9324685482
11.9714285714 0.3493076144 -0.0910065774 -0.9325781433
11.9809523810 0.3490126430 -0.0910177539 -0.9326874844
11.9904761905 0.3487180720 -0.0910289047 -0.9327965720
12.0000000000 0.3484239007 -0.0910400298 -0.9329054070
12.0095238095 0.3481301287 -0.0910511293 -0.9330139899
12.0190476190 0.3478367553 -0.0910622032 -0.9331223215
12.0285714286 0.3475437801 -0.0910732516 -0.9332304023
12.0380952381 0.3472512024 -0.0910842747 -0.9333382331
12.0476190476 0.3469590217 -0.0910952723 -0.9334458145
12.0571428571 0.3466672374 -0.0911062447 -0.9335531472
12.0666666667 0.3463758490 -0.0911171918 -0.9336602319
12.0761904762 0.3460848560 -0.0911281138 -0.9337670691
12.0857142857 0.3457942576 -0.0911390107 -0.9338736596
12.0952380952 0.3455040535 -0.0911498825 -0.9339800040
12.1047619048 0.3452142430 -0.0911607294 -0.9340861030
12.1142857143 0.3449248255 -0.0911715515 -0.9341919572
12.1238095238 0.3446358005 -0.0911823487 -0.9342975673
12.1333333333 0.3443471675 -0.0911931211 -0.9344029339
12.1428571429 0.3440589259 -0.0912038689 -0.9345080576
12.1523809524 0.3437710751 -0.0912145920 -0.9346129392
12.1619047619 0.3434836146 -0.0912252906 -0.9347175792
12.1714285714 0.3431965438 -0.0912359646 -0.9348219783
12.1809523810 0.3429098621 -0.0912466143 -0.9349261371
12.1904761905 0.3426235691 -0.0912572396 -0.9350300563
12.2000000000 0.3423376640 -0.0912678405 -0.9351337365
12.2095238095 0.3420521465 -0.0912784173 -0.9352371783
12.2190476190 0.3417670158 -0.0912889698 -0.9353403824
12.2285714286 0.3414822715 -0.0912994983 -0.9354433493
12.2380952381 0.3411979130 -0.0913100027 -0.9355460799
12.2476190476 0.3409139398 -0.0913204831 -0.9356485745
12.2571428571 0.3406303512 -0.0913309396 -0.9357508340
12.2666666667 0.3403471468 -0.0913413723 -0.9358528588
12.2761904762 0.3400643259 -0.0913517812 -0.9359546497
12.2857142857 0.3397818881 -0.0913621663 -0.9360562072
12.2952380952 0.3394998327 -0.0913725278 -0.9361575320
12.3047619048 0.3392181592 -0.0913828657 -0.9362586247
12.3142857143 0.3389368670 -0.0913931800 -0.9363594859
12.3238095238 0.3386559557 -0.0914034709 -0.9364601162
12.3333333333 0.3383754245 -0.0914137383 -0.9365605162
12.3428571429 0.3380952731 -0.0914239824 -0.9366606866
12.3523809524 0.3378155008 -0.0914342032 -0.9367606279
12.3619047619 0.3375361070 -0.0914444008 -0.9368603407
12.3714285714 0.3372570913 -0.0914545752 -0.9369598257
12.3809523810 0.3369784530 -0.0914647265 -0.9370590835
12.3904761905 0.3367001917 -0.0914748548 -0.9371581147
12.4000000000 0.3364223066 -0.0914849600 -0.9372569198
12.4095238095 0.3361447974 -0.0914950424 -0.9373554995
12.4190476190 0.3358676635 -0.0915051019 -0.9374538543
12.4285714286 0.3355909042 -0.0915151386 -0.9375519849
12.4380952381 0.3353145191 -0.0915251525 -0.9376498919
12.4476190476 0.3350385076 -0.0915351438 -0.9377475758
12.4571428571 0.3347628691 -0.0915451124 -0.9378450372
12.4666666667 0.3344876031 -0.0915550585 -0.9379422768
12.4761904762 0.3342127091 -0.0915649821 -0.9380392951
12.4857142857 0.3339381864 -0.0915748832 -0.9381360927
12.4952380952 0.3336640346 -0.0915847620 -0.9382326702
12.5047619048 0.3333902531 -0.0915946184 -0.9383290281
12.5142857143 0.3331168413 -0.0916044526 -0.9384251671
12.5238095238 0.3328437987 -0.0916142646 -0.9385210878
12.5333333333 0.3325711247 -0.0916240544 -0.9386167906
12.5428571429 0.3322988189 -0.0916338222 -0.9387122763
12.5523809524 0.3320268806 -0.0916435679 -0.9388075453
12.5619047619 0.3317553093 -0.0916532916 -0.9389025982
12.5714285714 0.3314841044 -0.0916629934 -0.9389974357
12.5809523810 0.3312132654 -0.0916726734 -0.9390920582
12.5904761905 0.3309427918 -0.0916823316 -0.9391864664
12.6000000000 0.3306726830 -0.0916919680 -0.9392806608
12.6095238095 0.3304029385 -0.0917015828 -0.9393746419
12.6190476190 0.3301335577 -0.0917111759 -0.9394684105
12.6285714286 0.3298645401 -0.0917207475 -0.9395619669
12.6380952381 0.3295958851 -0.0917302975 -0.9396553118
12.6476190476 0.3293275922 -0.0917398261 -0.9397484458
12.6571428571 0.3290596608 -0.0917493333 -0.9398413693
12.6666666667 0.3287920905 -0.0917588192 -0.9399340830
12.6761904762 0.3285248806 -0.0917682838 -0.9400265874
12.6857142857 0.3282580306 -0.0917777271 -0.9401188830
12.6952380952 0.3279915400 -0.0917871493 -0.9402109704
12.7047619048 0.3277254082 -0.0917965504 -0.9403028502
12.7142857143 0.3274596347 -0.0918059304 -0.9403945229
12.7238095238 0.3271942190 -0.0918152894 -0.9404859891
12.7333333333 0.3269291605 -0.0918246274 -0.9405772493
12.7428571429 0.3266644586 -0.0918339446 -0.9406683040
12.7523809524 0.3264001129 -0.0918432409 -0.9407591538
12.7619047619 0.3261361227 -0.0918525165 -0.9408497992
12.7714285714 0.3258724877 -0.0918617713 -0.9409402408
12.7809523810 0.3256092071 -0.0918710054 -0.9410304791
12.7904761905 0.3253462805 -0.0918802190 -0.9411205147
12.8000000000 0.3250837074 -0.0918894119 -0.9412103480
12.8095238095 0.3248214871 -0.0918985844 -0.9412999797
12.8190476190 0.3245596192 -0.0919077364 -0.9413894102
12.8285714286 0.3242981032 -0.0919168680 -0.9414786400
12.8380952381 0.3240369384 -0.0919259792 -0.9415676698
12.8476190476 0.3237761244 -0.0919350702 -0.9416565001
12.8571428571 0.3235156607 -0.0919441409 -0.9417451313
12.8666666667 0.3232555466 -0.0919531914 -0.9418335639
12.8761904762 0.3229957817 -0.0919622218 -0.9419217986
12.8857142857 0.3227363654 -0.0919712321 -0.9420098359
12.8952380952 0.3224772972 -0.0919802224 -0.9420976762
12.9047619048 0.3222185766 -0.0919891927 -0.9421853201
12.9142857143 0.3219602030 -0.0919981430 -0.9422727680
12.9238095238 0.3217021759 -0.0920070736 -0.9423600206
12.9333333333 0.3214444948 -0.0920159842 -0.9424470783
12.9428571429 0.3211871591 -0.0920248752 -0.9425339417
12.9523809524 0.3209301683 -0.0920337464 -0.9426206112
12.9619047619 0.3206735219 -0.0920425979 -0.9427070873
12.9714285714 0.3204172193 -0.0920514299 -0.9427933707
12.9809523810 0.3201612601 -0.0920602422 -0.9428794617
12.9904761905 0.3199056437 -0.0920690351 -0.9429653609
13.0000000000 0.3196503695 -0.0920778085 -0.9430510688
13.0095238095 0.3193954371 -0.0920865625 -0.9431365859
13.0190476190 0.3191408459 -0.0920952972 -0.9432219128
13.0285714286 0.3188865954 -0.0921040125 -0.9433070498
13.0380952381 0.3186326851 -0.0921127086 -0.9433919975
13.0476190476 0.3183791144 -0.0921213855 -0.9434767564
13.0571428571 0.3181258828 -0.0921300433 -0.9435613270
13.0666666667 0.3178729898 -0.0921386819 -0.9436457098
13.0761904762 0.3176204349 -0.0921473015 -0.9437299053
13.0857142857 0.3173682175 -0.0921559021 -0.9438139140
13.0952380952 0.3171163372 -0.0921644838 -0.9438977363
13.1047619048 0.3168647934 -0.0921730465 -0.9439813728
13.1142857143 0.3166135855 -0.0921815904 -0.9440648240
13.1238095238 0.3163627132 -0.0921901155 -0.9441480902
13.1333333333 0.3161121757 -0.0921986218 -0.9442311722
13.1428571429 0.3158619727 -0.0922071095 -0.9443140702
13.1523809524 0.3156121036 -0.0922155785 -0.9443967848
13.1619047619 0.3153625679 -0.0922240288 -0.9444793165
13.1714285714 0.3151133651 -0.0922324607 -0.9445616657
13.1809523810 0.3148644947 -0.0922408740 -0.9446438330
13.1904761905 0.3146159560 -0.0922492688 -0.9447258188
13.2000000000 0.3143677487 -0.0922576453 -0.9448076235
13.2095238095 0.3141198722 -0.0922660033 -0.9448892477
13.2190476190 0.3138723260 -0.0922743431 -0.9449706919
13.2285714286 0.3136251096 -0.0922826646 -0.9450519565
13.2380952381 0.3133782225 -0.0922909679 -0.9451330419
13.2476190476 0.3131316641 -0.0922992530 -0.9452139487
13.2571428571 0.3128854339 -0.0923075200 -0.9452946773
13.2666666667 0.3126395315 -0.0923157689 -0.9453752282
13.2761904762 0.3123939563 -0.0923239998 -0.9454556019
13.2857142857 0.3121487078 -0.0923322127 -0.9455357988
13.2952380952 0.3119037855 -0.0923404076 -0.9456158193
13.3047619048 0.3116591889 -0.0923485847 -0.9456956640
13.3142857143 0.3114149175 -0.0923567439 -0.9457753333
13.3238095238 0.3111709707 -0.0923648854 -0.9458548276
13.3333333333 0.3109273481 -0.0923730090 -0.9459341475
13.3428571429 0.3106840492 -0.0923811150 -0.9460132933
13.3523809524 0.3104410734 -0.0923892034 -0.9460922656
13.3619047619 0.3101984202 -0.0923972741 -0.9461710648
13.3714285714 0.3099560892 -0.0924053273 -0.9462496913
13.3809523810 0.3097140799 -0.0924133629 -0.9463281456
13.3904761905 0.3094723916 -0.0924213811 -0.9464064281
13.4000000000 0.3092310240 -0.0924293818 -0.9464845393
13.4095238095 0.3089899765 -0.0924373652 -0.9465624797
13.4190476190 0.3087492487 -0.0924453312 -0.9466402496
13.4285714286 0.3085088399 -0.0924532800 -0.9467178496
13.4380952381 0.3082687498 -0.0924612115 -0.9467952800
13.4476190476 0.3080289778 -0.0924691257 -0.9468725414
13.4571428571 0.3077895234 -0.0924770229 -0.9469496341
13.4666666667 0.3075503861 -0.0924849029 -0.9470265586
13.4761904762 0.3073115654 -0.0924927659 -0.9471033154
13.4857142857 0.3070730609 -0.0925006118 -0.9471799048
13.4952380952 0.3068348720 -0.0925084408 -0.9472563274
13.5047619048 0.3065969982 -0.0925162528 -0.9473325835
13.5142857143 0.3063594390 -0.0925240480 -0.9474086735
13.5238095238 0.3061221940 -0.0925318263 -0.9474845980
13.5333333333 0.3058852626 -0.0925395878 -0.9475603574
13.5428571429 0.3056486443 -0.0925473325 -0.9476359520
13.5523809524 0.3054123387 -0.0925550605 -0.9477113823
13.5619047619 0.3051763453 -0.0925627719 -0.9477866487
13.5714285714 0.3049406635 -0.0925704666 -0.9478617518
13.5809523810 0.3047052929 -0.0925781448 -0.9479366918
13.5904761905 0.3044702330 -0.0925858064 -0.9480114692
13.6000000000 0.3042354832 -0.0925934515 -0.9480860844
13.6095238095 0.3040010432 -0.0926010801 -0.9481605379
13.6190476190 0.3037669123 -0.0926086924 -0.9482348301
13.6285714286 0.3035330902 -0.0926162882 -0.9483089614
13.6380952381 0.3032995763 -0.0926238678 -0.9483829322
13.6476190476 0.3030663702 -0.0926314311 -0.9484567429
13.6571428571 0.3028334713 -0.0926389781 -0.9485303940
13.6666666667 0.3026008792 -0.0926465089 -0.9486038859
13.6761904762 0.3023685934 -0.0926540235 -0.9486772189
13.6857142857 0.3021366133 -0.0926615221 -0.9487503935
13.6952380952 0.3019049386 -0.0926690046 -0.9488234101
13.7047619048 0.3016735687 -0.0926764710 -0.9488962692
13.7142857143 0.3014425032 -0.0926839214 -0.9489689710
13.7238095238 0.3012117415 -0.0926913559 -0.9490415161
13.7333333333 0.3009812832 -0.0926987745 -0.9491139048
13.7428571429 0.3007511278 -0.0927061772 -0.9491861376
13.7523809524 0.3005212748 -0.0927135641 -0.9492582148
13.7619047619 0.3002917238 -0.0927209352 -0.9493301369
13.7714285714 0.3000624742 -0.0927282906 -0.9494019042
13.7809523810 0.2998335256 -0.0927356302 -0.9494735172
13.7904761905 0.2996048775 -0.0927429542 -0.9495449762
13.8000000000 0.2993765294 -0.0927502626 -0.9496162817
13.8095238095 0.2991484808 -0.0927575554 -0.9496874340
13.8190476190 0.2989207314 -0.0927648326 -0.9497584336
13.8285714286 0.2986932805 -0.0927720944 -0.9498292808
13.8380952381 0.2984661278 -0.0927793407 -0.9498999761
13.8476190476 0.2982392726 -0.0927865715 -0.9499705198
13.8571428571 0.2980127147 -0.0927937870 -0.9500409123
13.8666666667 0.2977864535 -0.0928009871 -0.9501111540
13.8761904762 0.2975604885 -0.0928081719 -0.9501812453
13.8857142857 0.2973348192 -0.0928153415 -0.9502511866
13.8952380952 0.2971094452 -0.0928224959 -0.9503209783
13.9047619048 0.2968843660 -0.0928296350 -0.9503906208
13.9142857143 0.2966595812 -0.0928367590 -0.9504601144
13.9238095238 0.2964350903 -0.0928438679 -0.9505294595
13.9333333333 0.2962108927 -0.0928509617 -0.9505986566
13.9428571429 0.2959869881 -0.0928580406 -0.9506677060
13.9523809524 0.2957633759 -0.0928651044 -0.9507366080
13.9619047619 0.2955400558 -0.0928721532 -0.9508053631
13.9714285714 0.2953170272 -0.0928791872 -0.9508739717
13.9809523810 0.2950942896 -0.0928862062 -0.9509424341
13.9904761905 0.2948718427 -0.0928932105 -0.9510107506
14.0000000000 0.2946496859 -0.0929001999 -0.9510789218
14.0095238095 0.2944278188 -0.0929071746 -0.9511469479
14.0190476190 0.2942062408 -0.0929141345 -0.9512148293
14.0285714286 0.2939849517 -0.0929210798 -0.9512825664
14.0380952381 0.2937639508 -0.0929280104 -0.9513501596
14.0476190476 0.2935432377 -0.0929349264 -0.9514176092
14.0571428571 0.2933228121 -0.0929418279 -0.9514849156
14.0666666667 0.2931026733 -0.0929487148 -0.9515520791
14.0761904762 0.2928828210 -0.0929555872 -0.9516191003
14.0857142857 0.2926632547 -0.0929624451 -0.9516859793
14.0952380952 0.2924439739 -0.0929692886 -0.9517527166
14.1047619048 0.2922249781 -0.0929761178 -0.9518193125
14.1142857143 0.2920062670 -0.0929829326 -0.9518857674
14.1238095238 0.2917878401 -0.0929897330 -0.9519520817
14.1333333333 0.2915696969 -0.0929965192 -0.9520182557
14.1428571429 0.2913518369 -0.0930032912 -0.9520842898
14.1523809524 0.2911342597 -0.0930100489 -0.9521501844
14.1619047619 0.2909169649 -0.0930167925 -0.9522159397
14.1714285714 0.2906999520 -0.0930235220 -0.9522815562
14.1809523810 0.2904832205 -0.0930302373 -0.9523470342
14.1904761905 0.2902667700 -0.0930369386 -0.9524123741
14.2000000000 0.2900506000 -0.0930436259 -0.9524775762
14.2095238095 0.2898347102 -0.0930502992 -0.9525426408
14.2190476190 0.2896191000 -0.0930569585 -0.9526075684
14.2285714286 0.2894037690 -0.0930636040 -0.9526723593
14.2380952381 0.2891887167 -0.0930702355 -0.9527370138
14.2476190476 0.2889739427 -0.0930768532 -0.9528015322
14.2571428571 0.2887594466 -0.0930834571 -0.9528659150
14.2666666667 0.2885452279 -0.0930900472 -0.9529301625
14.2761904762 0.2883312861 -0.0930966236 -0.9529942750
14.2857142857 0.2881176209 -0.0931031862 -0.9530582528
